Convergence
0.02382011480131825
0.02382011480131825
0.02382011480131825
0.02382011480131825
0.02236301636462946
0.021837625452623136
0.021837625452623136
0.021506261429679756
0.021238511361826674
0.020725901902768944
0.017225592615256233
0.017225592615256233
0.011814445089119906
0.006997702182579614
0.006997702182579614
0.006807617721634296
0.006807617721634296
0.006807617721634296
0.005651215692172983
0.005651215692172983
0.005651215692172983
0.004475137604869601
0.004475137604869601
0.004475137604869601
0.004475137604869601
0.004475137604869601
0.004433035168880059
0.004180430551681662
0.004180430551681662
0.004075099065636297
0.004075099065636297
0.004031066854561529
0.004031066854561529
0.004031066854561529
0.0039321287368247835
0.0039321287368247835
0.0038155677338291005
0.0038155677338291005
0.0037424297435016012
0.0037424297435016012
0.0037424297435016012
0.003675873747178668
0.003675873747178668
0.0036665349707274224
0.003639532817297278
0.003639532817297278
0.003634831671975836
0.003631205951858854
0.003612190461076608
0.0036003567092204045
0.003595389718283693
0.003595389718283693
0.0035679237258941523
0.0035679237258941523
0.0035679237258941523
0.0035679237258941523
0.0035679237258941523
0.0035388369317279926
0.0035388369317279926
0.003517250770098247
0.003517250770098247
0.003517250770098247
0.003517250770098247
0.0035169932390356163
0.0035165009728359642
0.0035066547370471474
0.0035066547370471474
0.0035013987592004085
0.003499986771774208
0.003499986771774208
0.003499082051999474
0.0034930138629433445
0.0034930138629433445
0.0034924917351916124
0.0034924917351916124
0.0034924917351916124
0.0034924917351916124
0.0034924917351916124
0.0034924917351916124
0.0034924917351916124
0.0034922218580458724
0.0034922218580458724
0.0034922218580458724
0.0034920958288834304
0.0034916144215524653
0.0034916144215524653
0.003483446351013287
0.003483446351013287
0.003483446351013287
0.003483446351013287
0.003483446351013287
0.003483446351013287
0.003483446351013287
0.003483446351013287
0.003483446351013287
0.003483446351013287
0.003483446351013287
0.003482232321738986
0.003482232321738986
0.003482232321738986
0.003482232321738986
0.0034808323114878157
0.0034808323114878157
0.0034808323114878157
0.0034808323114878157
0.0034808323114878157
0.0034808323114878157
0.0034796908703791235
0.0034796908703791235
0.0034796886850123098
0.00347953619523413
0.00347953619523413
0.00347953619523413
0.00347953619523413
0.00347953619523413
0.00347953619523413
0.003479327058126573
0.0034789160699626428
0.0034789160699626428
0.0034779741673670777
0.003477382310965984
0.003477382310965984
0.0034770180185936107
0.0034770180185936107
0.0034770180185936107
0.0034770180185936107
0.0034770180185936107
0.0034770180185936107
0.003476680702237802
0.003476680702237802
0.003476680702237802
0.003476680702237802
0.0034759228728522035
0.0034759228728522035
0.0034759228728522035
0.0034759228728522035
0.0034756865996825874
0.0034756865996825874
0.0034756865996825874
0.0034755558133665026
0.003475172342561398
0.0034750379443378053
0.0034750071929879056
0.0034750071929879056
0.0034750071929879056
0.0034748583352301196
0.0034748583352301196
0.003474475657698627
0.003474475657698627
0.003474475657698627
0.003474475657698627
0.003474475657698627
0.003474292283638264
0.003474292283638264
0.003474088094862887
0.003474064891845316
0.003474064891845316
0.003473879522932551
0.003473879522932551
0.003473879522932551
0.003473879522932551
0.00347379989646861
0.0034737895468069185
0.0034737895468069185
0.0034737895468069185
0.0034737895468069185
0.0034737895468069185
0.003473772034045566
0.003473455580171604
0.003473455580171604
0.003473455580171604
0.003473455580171604
0.003473455580171604
0.003473455580171604
0.003473455580171604
0.003473455580171604
0.0034734555740312373
0.0034734503701160375
0.0034734503701160375
0.003473377886207481
0.003473377886207481
0.00347326805483135
0.00347326805483135
0.003473164228345434
0.003473164228345434
0.003473142695721219
0.003473142695721219
0.003473142695721219
0.003472829924688652
0.003472829924688652
0.003472829924688652
0.003472829924688652
0.003472829924688652
0.003472695579814046
0.003472695579814046
0.003472695579814046
0.003472695579814046
0.003472695579814046
0.003472695579814046
0.003472695579814046
0.003472695579814046
0.003472695579814046
0.003472695579814046
0.003472695579814046
0.003472695579814046
0.003472695579814046
0.003472695579814046
0.003472695579814046
0.003472694873158589
0.003472694873158589
0.003472694873158589
0.003472694873158589
0.003472694873158589
0.003472694817097615
0.003472694817097615
0.003472694817097615
0.003472694817097615
0.003472694817097615
0.003472694817097615
0.003472694817097615
0.003472692114088468
0.003472692114088468
0.003472692114088468
0.003472692114088468
0.003472692114088468
0.003472692114088468
0.003472692114088468
0.003472692114088468
0.003472692114088468
0.00347269207727304
0.00347269207727304
0.00347269207727304
0.00347269207727304
0.0034726920448052913
0.00347269171833068
0.00347269171833068
0.00347269171833068
0.0034726916844280763
0.0034726916844280763
0.0034726916844280763
0.0034726916768134117
0.003472691659439737
0.003472691659439737
0.003472691659439737
0.003472691659439737
0.003472691659439737
0.003472691659439737
0.003472691659439737
0.003472691659439737
0.003472691659439737
0.003472691659439737
0.003472691659439737
0.003472691659439737
0.003472691659439737
0.003472691659439737
0.003472691659439737
0.003472691659439737
0.003472691659439737
0.003472691659439737
0.003472691659439737
0.003472691659439737
0.003472691659439737
0.003472691659439737
0.003472691659439737
0.003472691659439737
0.003472691659439737
0.003472691659439737
0.003472691659439737
0.003472691659439737
0.003472691659439737
0.003472691659439737
0.003472691659439737
0.003472691659439737
0.003472691659439737
0.003472691659439737
0.003472691659439737
0.003472691659439737
0.003472691659439737
0.003472691659439737
0.003472691659439737
0.003472691659439737
0.003472691659439737
0.003472691659439737
0.003472691659439737
0.003472691659439737
0.003472691659439737
0.003472691659439737
0.00347269163526602
0.00347269163526602
0.00347269163526602
0.00347269163526602
0.00347269163526602
0.00347269163526602
0.00347269163526602
0.00347269163526602
0.00347269163526602
0.00347269163526602
0.00347269163526602
0.00347269163526602
0.00347269163526602
0.00347269163526602
NumberOfPoint 
796
0 150
0.98 150.18
1.91 150.56
2.68 151.19
3.66 151.41
4.57 151.82
5.33 152.47
6.25 152.87
7.24 152.96
8.21 152.7
9.05 152.16
9.78 151.48
10.47 150.75
11.17 150.04
11.99 149.46
12.9 149.05
13.86 148.76
14.84 148.6
15.84 148.58
16.83 148.73
17.79 149.01
18.71 149.41
19.6 149.87
20.43 150.42
21.22 151.04
22.01 151.64
22.93 152.04
23.93 152.01
24.82 151.56
25.53 150.85
26.2 150.11
26.72 149.25
27.19 148.37
28.08 147.91
29 148.29
29.63 149.07
29.96 150.02
30.96 149.96
31.9 149.63
32.83 149.28
33.76 148.91
34.71 148.57
35.69 148.41
36.67 148.6
37.67 148.58
38.6 148.2
39.36 147.55
39.95 146.75
40.44 145.88
40.85 144.96
41.24 144.05
41.62 143.12
41.97 142.18
42.28 141.23
42.58 140.28
42.89 139.33
43.25 138.39
43.68 137.49
44.17 136.62
44.74 135.8
45.38 135.03
46.07 134.31
46.82 133.65
47.61 133.03
48.44 132.46
49.27 131.92
50.12 131.39
50.97 130.87
51.83 130.35
52.7 129.86
53.6 129.41
54.49 128.97
55.38 128.5
56.24 127.99
57.06 127.42
57.86 126.82
58.69 126.26
59.61 125.87
60.61 125.83
61.54 126.21
62.3 126.85
63 127.57
63.72 128.26
64.52 128.86
65.41 129.32
66.35 129.64
67.33 129.84
68.33 129.96
69.32 130.05
70.32 130.17
71.31 130.27
72.31 130.37
73.3 130.51
74.29 130.61
75.28 130.49
76.22 130.13
77.07 129.61
77.82 128.95
78.5 128.22
79.19 127.49
79.89 126.78
80.65 126.13
81.53 125.64
82.43 125.22
83.26 124.66
84.19 124.29
85.19 124.35
86.12 124.72
86.99 125.21
87.83 125.75
88.67 126.3
89.51 126.84
90.35 127.38
91.2 127.9
92.06 128.41
92.93 128.91
93.8 129.4
94.67 129.89
95.55 130.38
96.42 130.86
97.3 131.34
98.17 131.83
99.04 132.32
99.91 132.82
100.78 133.3
101.66 133.79
102.54 134.27
103.41 134.75
103.74 135.69
103.97 136.67
104.31 137.61
104.77 138.5
105.32 139.33
105.94 140.11
106.28 141.05
107.07 141.67
107.88 142.26
108.69 142.84
109.51 143.41
110.34 143.97
111.17 144.53
112 145.09
112.83 145.65
113.65 146.21
114.48 146.78
115.3 147.35
116.12 147.92
116.93 148.5
117.74 149.09
118.55 149.68
119.35 150.28
120.15 150.88
120.94 151.49
121.73 152.1
122.51 152.73
123.29 153.35
124.07 153.99
124.84 154.63
125.6 155.27
126.36 155.92
127.12 156.57
127.87 157.23
128.62 157.9
129.36 158.57
130.1 159.24
130.83 159.92
131.57 160.6
132.29 161.29
133.02 161.98
133.74 162.67
134.46 163.37
135.17 164.07
135.88 164.77
136.59 165.47
137.3 166.18
138 166.89
138.7 167.61
139.4 168.32
140.09 169.04
140.78 169.76
141.48 170.49
142.16 171.21
142.85 171.94
143.54 172.67
144.22 173.4
144.9 174.13
145.58 174.86
146.26 175.6
146.94 176.33
147.62 177.07
148.29 177.81
148.96 178.54
149.64 179.28
150.31 180.02
150.98 180.77
151.65 181.51
152.32 182.25
152.99 182.99
153.66 183.74
154.32 184.48
154.99 185.23
155.66 185.97
156.33 186.72
156.99 187.46
157.66 188.21
158.32 188.96
158.99 189.7
159.65 190.45
160.32 191.19
160.99 191.94
161.65 192.69
162.32 193.43
162.98 194.18
163.65 194.93
164.32 195.67
164.98 196.42
165.65 197.16
166.32 197.91
166.98 198.65
167.65 199.4
168.32 200.14
168.99 200.88
169.66 201.63
170.33 202.37
171 203.11
171.67 203.85
172.34 204.59
173.01 205.33
173.69 206.07
174.36 206.81
175.03 207.55
175.71 208.29
176.38 209.03
177.06 209.76
177.74 210.5
178.41 211.23
179.09 211.97
179.77 212.7
180.45 213.44
181.13 214.17
181.81 214.9
182.5 215.63
183.18 216.36
183.87 217.08
184.56 217.81
185.25 218.53
185.94 219.26
186.63 219.98
187.32 220.71
188.01 221.43
188.7 222.15
189.39 222.87
190.08 223.6
190.78 224.32
191.47 225.04
192.17 225.75
192.86 226.47
193.56 227.19
194.26 227.9
194.95 228.63
195.6 229.39
196.22 230.17
196.8 230.99
197.34 231.83
197.84 232.69
198.31 233.58
198.75 234.47
199.17 235.38
199.58 236.29
199.98 237.21
200.37 238.13
200.76 239.05
201.15 239.97
201.55 240.89
201.96 241.8
202.38 242.71
202.82 243.61
203.26 244.51
203.71 245.4
204.18 246.28
204.67 247.16
205.16 248.02
205.68 248.88
206.2 249.73
206.74 250.57
207.3 251.4
207.87 252.23
208.45 253.04
209.05 253.84
209.66 254.63
210.28 255.42
210.91 256.19
211.55 256.96
212.2 257.72
212.87 258.47
213.54 259.21
214.22 259.94
214.91 260.67
215.6 261.39
216.3 262.1
217.01 262.81
217.72 263.51
218.45 264.2
219.17 264.88
219.91 265.56
220.65 266.24
221.39 266.9
222.14 267.57
222.83 268.29
223.52 269.02
224.23 269.72
224.97 270.4
225.73 271.04
226.5 271.68
227.28 272.3
228.06 272.93
228.85 273.54
229.64 274.16
230.43 274.77
231.22 275.38
232.01 275.99
232.81 276.6
233.6 277.2
234.4 277.81
235.2 278.41
236 279.01
236.8 279.61
237.6 280.21
238.41 280.8
239.21 281.4
240.01 281.99
240.82 282.58
241.63 283.17
242.44 283.76
243.24 284.35
244.05 284.93
244.87 285.52
245.68 286.1
246.49 286.69
247.3 287.28
248.1 287.87
248.9 288.47
249.7 289.08
250.49 289.69
251.28 290.29
252.08 290.9
252.87 291.51
253.67 292.11
254.47 292.71
255.27 293.31
256.08 293.9
256.88 294.49
257.69 295.08
258.5 295.67
259.31 296.25
260.13 296.84
260.94 297.41
261.76 297.99
262.58 298.56
263.4 299.13
264.22 299.7
265.05 300.27
265.88 300.83
266.71 301.39
267.54 301.94
268.38 302.49
269.21 303.03
270.06 303.57
270.9 304.1
271.76 304.62
272.61 305.14
273.48 305.65
274.35 306.14
275.22 306.62
276.1 307.09
276.99 307.55
277.95 307.84
278.93 308.03
279.92 308.2
280.9 308.38
281.88 308.57
282.87 308.75
283.85 308.92
284.84 309.05
285.84 309.14
286.84 309.19
287.84 309.19
288.84 309.14
289.83 309.04
290.82 308.88
291.8 308.66
292.76 308.4
293.71 308.08
294.64 307.72
295.56 307.32
296.45 306.88
297.33 306.4
298.19 305.89
299.04 305.36
299.87 304.8
300.69 304.23
301.5 303.64
302.3 303.04
303.09 302.43
303.87 301.81
304.65 301.18
305.42 300.55
306.2 299.91
306.97 299.27
307.74 298.63
308.5 297.99
309.27 297.35
310.04 296.71
310.81 296.07
311.57 295.43
312.34 294.79
313.11 294.15
313.88 293.5
314.64 292.86
315.41 292.22
316.17 291.57
316.93 290.92
317.69 290.27
318.45 289.62
319.21 288.97
319.96 288.31
320.72 287.66
321.47 287
322.22 286.34
322.97 285.67
323.72 285.01
324.46 284.34
325.21 283.68
325.95 283.01
326.7 282.34
327.44 281.68
328.19 281.01
328.93 280.34
329.68 279.67
330.42 279.01
331.17 278.35
331.92 277.68
332.67 277.03
333.43 276.37
334.18 275.71
334.94 275.06
335.71 274.42
336.47 273.77
337.24 273.13
338.01 272.5
338.79 271.87
339.57 271.25
340.36 270.63
341.15 270.01
341.94 269.41
342.74 268.8
343.54 268.2
344.34 267.6
345.15 267.02
345.96 266.43
346.78 265.86
347.61 265.3
348.44 264.75
349.28 264.2
350.13 263.67
350.98 263.14
351.83 262.62
352.69 262.12
353.56 261.62
354.43 261.12
355.3 260.63
356.16 260.13
357.02 259.62
357.88 259.1
358.74 258.59
359.59 258.07
360.45 257.55
361.3 257.03
362.16 256.51
363.01 255.99
363.87 255.48
364.74 254.98
365.61 254.49
366.48 254
367.36 253.52
368.24 253.06
369.13 252.6
370.03 252.16
370.93 251.73
371.84 251.31
372.76 250.91
373.68 250.52
374.61 250.16
375.55 249.8
376.49 249.47
377.44 249.17
378.41 248.9
379.38 248.67
380.36 248.48
381.35 248.32
382.34 248.19
383.33 248.06
384.32 247.92
385.31 247.75
386.29 247.57
387.27 247.36
388.25 247.15
389.22 246.94
390.2 246.74
391.19 246.55
392.17 246.38
393.16 246.23
394.15 246.1
395.14 245.98
396.14 245.89
397.14 245.81
398.13 245.74
399.13 245.69
400.13 245.66
401.13 245.63
402.13 245.62
403.13 245.62
404.13 245.64
405.13 245.66
406.13 245.69
407.13 245.74
408.13 245.8
409.13 245.87
410.12 245.95
411.12 246.03
412.11 246.13
413.11 246.24
414.07 246.51
415.03 246.81
415.99 247.06
416.97 247.27
417.95 247.45
418.94 247.63
419.92 247.81
420.91 247.99
421.89 248.18
422.87 248.38
423.84 248.6
424.82 248.82
425.79 249.05
426.76 249.29
427.73 249.55
428.69 249.81
429.66 250.08
430.61 250.37
431.57 250.67
432.52 250.97
433.47 251.29
434.41 251.62
435.35 251.96
436.29 252.31
437.22 252.68
438.15 253.05
439.07 253.44
439.99 253.84
440.9 254.25
441.8 254.67
442.7 255.11
443.6 255.56
444.49 256.02
445.4 256.43
446.33 256.79
447.27 257.14
448.19 257.53
449.09 257.96
449.97 258.44
450.83 258.95
451.68 259.48
452.51 260.03
453.33 260.61
454.14 261.19
454.94 261.79
455.73 262.4
456.52 263.02
457.29 263.65
458.06 264.3
458.81 264.95
459.56 265.62
460.3 266.29
461.03 266.97
461.76 267.66
462.48 268.35
463.21 269.04
463.93 269.72
464.67 270.4
465.41 271.08
466.16 271.73
466.92 272.38
467.7 273.01
468.48 273.64
469.27 274.25
470.08 274.83
470.93 275.37
471.82 275.81
472.76 276.17
473.7 276.51
474.62 276.88
475.56 277.23
476.52 277.5
477.51 277.68
478.49 277.89
479.45 278.15
480.4 278.47
481.38 278.65
482.38 278.66
483.38 278.75
484.37 278.89
485.33 279.17
486.27 279.52
487.08 280.11
487.62 280.94
487.99 281.87
488.43 282.77
489.04 283.57
490.02 283.76
490.99 283.53
491.97 283.73
492.79 283.15
493.3 282.29
494.26 282.02
494.82 282.85
495.46 283.62
495.5 284.62
495.74 285.59
496.41 286.33
497.33 286.72
498.29 287.02
499.28 287.15
499.51 288.12
499.51 289.12
499.99 290
500 291
500 292
500 293
500 294
500 295
500 296
500 297
500 298
500 299
500 300
500 301
500 302
500 303
500 304
500 305
500 306
500 307
500 308
500 309
500 310
500 311
500 312
500 313
500 314
500 315
500 316
500 317
500 318
500 319
500 320
500 321
500 322
500 323
500 324
500 325
500 326
500 327
500 328
500 329
500 330
500 331
500 332
500 333
500 334
500 335
500 336
500 337
500 338
500 339
500 340
500 341
500 342
500 343
500 344
500 345
500 346
500 347
500 348
500 349
500 350
500 351
500 352
500 353
500 354
500 355
500 356
500 357
500 358
500 359
500 360
500 361
500 362
500 363
500 364
500 365
500 366
500 367
500 368
500 369
500 370
500 371
500 372
500 373
500 374
500 375
500 376
500 377
500 378
500 379
500 380
500 381
500 382
500 383
500 384
500 385
500 386
500 387
500 388
500 389
500 390
500 391
500 392
500 393
500 394
500 395
500 396
500 397
500 398
500 399
500 400
500 401
500 402
500 403
500 404
500 405
500 406
500 407
500 408
500 409
500 410
500 411
500 412
500 413
500 414
500 415
500 416
500 417
500 418
500 419
500 420
500 421
500 422
500 423
500 424
500 425
500 426
500 427
500 428
500 429
500 430
500 431
500 432
500 433
500 434
500 435
500 436
500 437
500 438
500 439
500 440
500 441
500 442
500 443
500 444
500 445
500 446
500 447
500 448
500 449
500 450
Value
0.00347269163526602