Convergence
0.07088486333429977
0.07088486333429977
0.07088486333429977
0.06499675122752117
0.03428018045614226
0.03428018045614226
0.03302353085571704
0.03302353085571704
0.031628055877603825
0.01146700753045082
0.008137446121814995
0.007452525551490855
0.007399625770555833
0.006777335814212643
0.006432931471193582
0.005228588649025585
0.005206201208535946
0.005043586191063486
0.005043586191063486
0.005043586188461005
0.004989903192854623
0.004966500145558435
0.004951807007644447
0.004951807007644447
0.004951807007644447
0.004721897128391345
0.004659322108646408
0.004659322108646408
0.004431317550236048
0.004431317550236048
0.004337014407308035
0.0041504908663892795
0.003927363397502582
0.003923977441347675
0.003779941103619228
0.003779941103619228
0.003779941103619228
0.0037263863574495265
0.003698723788635961
0.0036969285146120755
0.003686143345440833
0.0036823007627092732
0.0035963289171325828
0.0035963289171325828
0.0035963289171325828
0.0035963289171325828
0.003578146597976358
0.0035644979590631243
0.00354012284229945
0.00354012284229945
0.00354012284229945
0.0035010877227766345
0.0034993439152069864
0.0034993439152069864
0.0034934773329620096
0.0034934773329620096
0.0034934773329620096
0.003491372629025113
0.0034779158598057143
0.0034779158598057143
0.0034779158598057143
0.0034779158598057143
0.0034779158598057143
0.0034779158598057143
0.0034744881273513608
0.0034591093058075227
0.0034591093058075227
0.0034591093058075227
0.0034591093058075227
0.003451234689702223
0.003451234689702223
0.003451234689702223
0.003451153221941591
0.003451153221941591
0.003450256308360757
0.0034502563072570085
0.0034502563072570085
0.0034502563072570085
0.0034502563072570085
0.003449709838426461
0.0034449603162058067
0.0034449603162058067
0.0034449603162058067
0.0034424347579285145
0.003440629195843757
0.003440629195843757
0.0034387488538729456
0.0034387488538729456
0.0034387488538729456
0.0034387488538729456
0.0034387488538729456
0.0034387488538729456
0.0034387488538729456
0.003438063775045523
0.003433219780512848
0.003433219780512848
0.003433219780512848
0.003433219780512848
0.003433219780512848
0.003432231189137896
0.003432065919722328
0.003432065919722328
0.003432065919722328
0.0034318775717512907
0.0034318775717512907
0.0034317234583838897
0.0034300472746208767
0.0034300472746208767
0.0034300472746208767
0.0034288008869685738
0.0034277897852595897
0.0034277897852595897
0.0034277897852595897
0.0034277897852595897
0.0034277897852595897
0.0034277897852595897
0.0034277897852595897
0.0034277897852595897
0.0034277897852595897
0.0034277897852595897
0.0034277897852595897
0.0034277897852595897
0.0034277897852595897
0.0034277897852595897
0.0034277897852595897
0.0034277897852595897
0.003426933356598399
0.0034263441319109934
0.0034263441319109934
0.0034263441319109934
0.003424159150183265
0.003424159150183265
0.003424159150183265
0.003424159150183265
0.003424159150183265
0.00342412818334592
0.00342412818334592
0.00342412818334592
0.00342412818334592
0.00342412818334592
0.003424108966720036
0.003424108966720036
0.003424108966720036
0.003424108966720036
0.003424108966720036
0.003424108966720036
0.003423510068906312
0.003423510068906312
0.003423510068906312
0.003423510068906312
0.003423510068906312
0.003423510068906312
0.003423510068906312
0.003423510068906312
0.003423510068906312
0.003423510068906312
0.003423510068906312
0.003423510068906312
0.003423510068906312
0.003423510068906312
0.003423510068906312
0.003423510068906312
0.003423510068906312
0.003423510068906312
0.0034234102398385618
0.0034234102398385618
0.0034234102398385618
0.0034234102398385618
0.0034233659390472274
0.0034233659390472274
0.0034233659390472274
0.0034233659390472274
0.0034233659390472274
0.003423338297447323
0.003423338297447323
0.003423338297447323
0.003423338297447323
0.003423338297447323
0.003423338297447323
0.0034229055967425377
0.0034229055967425377
0.0034228545460516843
0.003422854533367688
0.003422854533367688
0.003422854533367688
0.003422854533367688
0.003422854533367688
0.003422854533367688
0.003422854533367688
0.003422854533367688
0.003422854533367688
0.003422854533367688
0.003422847447580386
0.003422847447580386
0.003422847447580386
0.0034228337992833887
0.0034228337992833887
0.003422832064164404
0.003422832064164404
0.0034228222617387286
0.0034228222617387286
0.0034228222617387286
0.0034228222617387286
0.0034228222617387286
0.0034228222617387286
0.00342281890245184
0.00342281890245184
0.00342281890245184
0.00342281890245184
0.00342281890245184
0.00342281890245184
0.00342281890245184
0.00342281890245184
0.00342281890245184
0.00342281890245184
0.00342281890245184
0.0034228179283643584
0.003422817087480947
0.003422817087480947
0.003422817087480947
0.003422817087480947
0.003422817087480947
0.003422817087480947
0.003422817087480947
0.003422817087480947
0.003422817087480947
0.003422817087480947
0.003422817087480947
0.003422817087480947
0.003422817087480947
0.003422817087480947
0.003422817087480947
0.003422817087480836
0.003422817087480836
0.003422817087480836
0.003422817087480836
0.003422817087480836
0.003422817087480836
0.003422817087480836
0.003422817087480836
0.003422817087480836
0.003422817087480836
0.003422817087480836
0.003422817087480836
0.003422817087480836
0.003422817087480836
0.003422817087480836
0.003422817087480836
0.003422817087480836
0.003422817087480836
0.003422817087480836
0.0034228170855878396
0.0034228170855878396
0.0034228170855878396
0.0034228170855878396
0.0034228170855878396
0.0034228170855878396
0.003422817074536026
0.00342281707032147
0.00342281707032147
0.00342281707032147
0.00342281707032147
0.00342281707032147
0.00342281707032147
0.00342281707032147
0.00342281707032147
0.00342281707032147
0.00342281707032147
0.00342281707032147
0.00342281707032147
0.0034228159120175366
0.0034228158919854326
0.0034228158919854326
0.0034228158919854326
0.0034228158919854326
0.0034228158919854326
0.0034228158919854326
0.0034228158919854326
0.0034228158919854326
0.0034228158919854326
0.003422815873891901
0.003422815873871805
0.003422815873871805
0.003422815873871805
0.003422815861019513
0.003422815861019513
0.003422815861019513
0.003422815861019513
0.003422815861019513
0.003422815861019513
0.003422815861019513
0.003422815861019513
0.003422815861019513
0.003422815837944104
0.003422815837944104
0.003422815837944104
0.003422815837944104
0.003422815837944104
0.003422815837944104
0.003422815837944104
0.003422815837944104
NumberOfPoint 
798
0 150
0.14 150.99
1.12 151.18
1.12 150.18
1.76 149.42
1.78 150.42
2.75 150.22
3.19 151.12
4.15 151.39
4.16 152.39
4.16 151.39
5.15 151.52
5.2 150.52
5.78 151.34
6.24 150.45
6.73 149.58
6.73 150.58
6.73 151.58
7.58 152.12
8.57 152.21
8.57 151.21
8.64 150.21
9.25 149.41
10.18 149.06
11.06 149.53
11.27 150.51
11.72 149.62
12.19 148.73
12.68 147.86
13.19 147
13.69 146.14
14.2 145.28
14.72 144.42
15.4 143.69
16.24 143.15
17.2 142.88
18.2 142.87
19.18 143.07
20.13 143.38
21.07 143.74
22 144.1
22.94 144.44
23.91 144.69
24.9 144.83
25.9 144.79
26.87 144.57
27.79 144.16
28.78 144.28
29.65 144.77
30.47 145.34
31.35 145.83
32.28 146.18
33.26 146.38
34.26 146.45
35.26 146.41
36.25 146.27
37.22 146.04
38.17 145.73
39.1 145.35
40 144.91
40.21 143.93
40.69 143.05
41.34 142.29
42.07 141.61
42.84 140.98
43.63 140.36
44.41 139.73
45.17 139.09
45.93 138.44
46.67 137.77
47.4 137.08
48.12 136.38
48.82 135.67
49.51 134.95
50.2 134.22
50.88 133.49
51.55 132.75
52.21 132
52.88 131.26
53.55 130.52
54.24 129.79
54.96 129.1
55.71 128.43
56.49 127.81
57.29 127.21
58.12 126.65
58.97 126.12
59.84 125.63
60.72 125.16
61.61 124.7
62.51 124.26
63.41 123.83
64.32 123.42
65.24 123.01
66.14 122.59
67.04 122.14
67.93 121.7
68.84 121.28
69.77 120.92
70.74 120.64
71.72 120.48
72.72 120.4
73.72 120.39
74.72 120.37
75.72 120.34
76.72 120.35
77.71 120.45
78.69 120.68
79.64 121
80.58 121.32
81.55 121.58
82.54 121.71
83.54 121.7
84.53 121.54
85.49 121.27
86.42 120.91
87.33 120.49
88.26 120.14
89.25 120
90.24 120.15
91.13 120.61
91.89 121.26
92.53 122.03
93.11 122.84
93.65 123.68
94.19 124.53
94.73 125.37
95.28 126.21
95.84 127.03
96.41 127.86
96.99 128.67
97.59 129.47
98.19 130.27
98.81 131.05
99.44 131.83
100.07 132.61
100.71 133.37
101.36 134.13
102.02 134.89
102.68 135.64
103.35 136.38
104.02 137.12
104.7 137.85
105.39 138.58
106.08 139.3
106.78 140.02
107.48 140.73
108.18 141.44
108.9 142.14
109.61 142.84
110.33 143.53
111.05 144.23
111.78 144.92
112.5 145.61
113.23 146.29
113.96 146.98
114.69 147.66
115.43 148.33
116.17 149
116.92 149.67
117.67 150.33
118.43 150.98
119.19 151.63
119.95 152.28
120.72 152.92
121.49 153.55
122.27 154.18
123.05 154.81
123.83 155.43
124.61 156.05
125.4 156.67
126.19 157.29
126.97 157.9
127.76 158.52
128.55 159.13
129.34 159.75
130.13 160.36
130.92 160.98
131.7 161.6
132.49 162.22
133.27 162.84
134.05 163.47
134.82 164.1
135.59 164.74
136.36 165.38
137.13 166.02
137.89 166.67
138.65 167.32
139.4 167.98
140.14 168.65
140.89 169.32
141.62 169.99
142.35 170.67
143.08 171.36
143.8 172.06
144.51 172.76
145.22 173.46
145.93 174.17
146.62 174.89
147.31 175.61
148 176.34
148.68 177.07
149.35 177.81
150.02 178.56
150.69 179.31
151.34 180.06
152 180.82
152.64 181.58
153.29 182.34
153.93 183.11
154.57 183.88
155.2 184.65
155.83 185.43
156.46 186.2
157.09 186.98
157.72 187.76
158.35 188.54
158.98 189.31
159.61 190.09
160.24 190.87
160.89 191.63
161.55 192.38
162.21 193.13
162.87 193.88
163.54 194.63
164.2 195.38
164.86 196.12
165.52 196.87
166.18 197.63
166.84 198.38
167.5 199.13
168.15 199.89
168.81 200.65
169.46 201.41
170.11 202.17
170.75 202.93
171.4 203.69
172.04 204.46
172.69 205.22
173.34 205.98
173.99 206.74
174.64 207.5
175.3 208.25
175.95 209.01
176.61 209.76
177.28 210.51
177.94 211.25
178.61 212
179.27 212.74
179.95 213.49
180.62 214.23
181.29 214.97
181.97 215.7
182.64 216.44
183.32 217.18
184 217.91
184.68 218.64
185.36 219.38
186.04 220.11
186.72 220.84
187.39 221.58
188.07 222.32
188.74 223.06
189.41 223.8
190.08 224.55
190.74 225.3
191.4 226.05
192.05 226.81
192.69 227.57
193.33 228.35
193.96 229.12
194.58 229.9
195.2 230.69
195.81 231.48
196.41 232.28
197 233.09
197.59 233.9
198.17 234.71
198.74 235.53
199.31 236.36
199.87 237.19
200.42 238.02
200.97 238.85
201.51 239.69
202.05 240.53
202.59 241.38
203.12 242.22
203.66 243.07
204.18 243.92
204.71 244.77
205.24 245.62
205.77 246.47
206.29 247.32
206.82 248.17
207.35 249.02
207.88 249.87
208.41 250.71
208.95 251.56
209.48 252.4
210.03 253.24
210.57 254.08
211.12 254.92
211.67 255.75
212.23 256.58
212.72 257.45
213.16 258.35
213.56 259.26
213.95 260.19
214.32 261.11
214.7 262.04
215.1 262.96
215.52 263.87
215.95 264.76
216.42 265.65
216.9 266.52
217.41 267.38
217.95 268.23
218.51 269.06
219.08 269.88
219.68 270.68
220.29 271.47
220.92 272.24
221.57 273.01
222.23 273.76
222.89 274.51
223.57 275.24
224.26 275.97
224.96 276.68
225.67 277.39
226.38 278.09
227.1 278.79
227.82 279.48
228.55 280.16
229.28 280.84
230.02 281.51
230.77 282.18
231.51 282.85
232.26 283.51
233.02 284.17
233.77 284.82
234.53 285.47
235.29 286.12
236.06 286.77
236.82 287.41
237.59 288.05
238.36 288.68
239.14 289.32
239.91 289.95
240.69 290.58
241.47 291.21
242.25 291.83
243.03 292.45
243.82 293.07
244.6 293.69
245.39 294.31
246.18 294.92
246.97 295.54
247.76 296.15
248.55 296.76
249.35 297.36
250.14 297.97
250.94 298.57
251.74 299.17
252.54 299.77
253.34 300.37
254.14 300.97
254.95 301.56
255.75 302.16
256.56 302.75
257.37 303.33
258.18 303.92
259 304.49
259.82 305.07
260.64 305.64
261.47 306.19
262.31 306.74
263.15 307.28
264 307.81
264.86 308.32
265.73 308.81
266.61 309.28
267.5 309.74
268.41 310.16
269.32 310.57
270.25 310.94
271.19 311.28
272.14 311.59
273.1 311.86
274.08 312.1
275.06 312.29
276.04 312.45
277.04 312.56
278.03 312.64
279.03 312.66
280.03 312.65
281.03 312.59
282.03 312.49
283.02 312.35
284 312.17
284.98 311.95
285.94 311.69
286.9 311.4
287.84 311.07
288.78 310.71
289.7 310.32
290.61 309.91
291.51 309.47
292.39 309
293.27 308.52
294.13 308.02
294.99 307.5
295.83 306.97
296.67 306.42
297.5 305.87
298.33 305.3
299.15 304.73
299.96 304.15
300.77 303.56
301.58 302.97
302.38 302.38
303.19 301.78
303.98 301.17
304.78 300.57
305.57 299.96
306.36 299.34
307.14 298.72
307.92 298.1
308.7 297.47
309.48 296.84
310.25 296.21
311.02 295.57
311.79 294.93
312.55 294.28
313.31 293.63
314.07 292.98
314.83 292.32
315.58 291.67
316.33 291.01
317.08 290.34
317.83 289.68
318.57 289.01
319.32 288.34
320.06 287.68
320.8 287.01
321.55 286.34
322.29 285.67
323.04 285
323.78 284.34
324.53 283.68
325.29 283.02
326.04 282.36
326.8 281.71
327.56 281.06
328.33 280.42
329.1 279.79
329.87 279.15
330.65 278.52
331.43 277.9
332.22 277.28
333.01 276.67
333.8 276.06
334.6 275.45
335.39 274.85
336.19 274.25
337 273.65
337.8 273.06
338.6 272.46
339.41 271.87
340.22 271.28
341.03 270.7
341.84 270.11
342.65 269.53
343.46 268.94
344.28 268.36
345.09 267.78
345.9 267.2
346.72 266.62
347.54 266.04
348.35 265.47
349.17 264.89
349.99 264.32
350.81 263.74
351.63 263.17
352.45 262.6
353.28 262.04
354.1 261.47
354.93 260.91
355.76 260.35
356.59 259.8
357.43 259.25
358.27 258.71
359.12 258.18
359.97 257.65
360.82 257.13
361.68 256.62
362.55 256.12
363.42 255.64
364.3 255.16
365.19 254.7
366.08 254.24
366.98 253.8
367.88 253.38
368.79 252.97
369.71 252.57
370.63 252.18
371.56 251.81
372.5 251.45
373.43 251.11
374.38 250.78
375.33 250.47
376.29 250.18
377.25 249.91
378.21 249.65
379.19 249.41
380.16 249.2
381.14 249
382.13 248.83
383.12 248.68
384.11 248.54
385.1 248.43
386.1 248.33
387.09 248.26
388.09 248.2
389.09 248.16
390.09 248.13
391.09 248.12
392.09 248.12
393.09 248.13
394.09 248.16
395.09 248.19
396.09 248.24
397.09 248.3
398.08 248.36
399.08 248.44
400.08 248.52
401.08 248.6
402.07 248.7
403.07 248.79
404.06 248.9
405.05 249.01
406.05 249.12
407.04 249.24
408.03 249.37
409.02 249.51
410.01 249.66
411 249.82
411.98 250
412.96 250.19
413.94 250.4
414.92 250.62
415.89 250.86
416.85 251.12
417.81 251.4
418.77 251.69
419.72 252
420.67 252.32
421.61 252.65
422.55 252.99
423.49 253.34
424.42 253.7
425.35 254.07
426.28 254.44
427.21 254.82
428.13 255.2
429.06 255.58
429.98 255.96
430.91 256.34
431.83 256.72
432.76 257.1
433.68 257.47
434.61 257.85
435.54 258.22
436.47 258.59
437.4 258.96
438.33 259.33
439.26 259.69
440.19 260.06
441.12 260.42
442.05 260.78
442.99 261.14
443.92 261.51
444.85 261.87
445.78 262.24
446.71 262.61
447.59 263.08
448.46 263.58
449.32 264.09
450.18 264.6
451.03 265.12
451.88 265.64
452.73 266.17
453.58 266.7
454.42 267.24
455.26 267.78
456.1 268.33
456.93 268.88
457.76 269.44
458.59 269.99
459.42 270.56
460.24 271.12
461.07 271.7
461.88 272.27
462.7 272.85
463.51 273.44
464.31 274.03
465.12 274.63
465.91 275.23
466.71 275.84
467.49 276.46
468.28 277.08
469.05 277.71
469.82 278.35
470.58 278.99
471.34 279.65
472.09 280.31
472.83 280.99
473.56 281.67
474.28 282.36
474.99 283.06
475.7 283.77
476.39 284.49
477.08 285.22
477.75 285.96
478.41 286.71
479.06 287.47
479.7 288.23
480.33 289.01
480.95 289.8
481.55 290.6
482.15 291.4
482.73 292.22
483.29 293.04
483.85 293.87
484.39 294.71
484.92 295.56
485.44 296.42
485.95 297.28
486.44 298.15
486.93 299.02
487.4 299.9
487.86 300.79
488.31 301.68
488.75 302.58
489.17 303.49
489.58 304.4
489.98 305.32
490.36 306.24
490.74 307.17
491.1 308.1
491.44 309.04
491.78 309.98
492.1 310.93
492.41 311.88
492.71 312.83
493 313.79
493.28 314.75
493.55 315.71
493.8 316.68
494.1 317.64
494.95 318.16
495.8 317.64
496.4 316.84
497.12 316.15
498.12 316.09
498.46 317.03
498.49 318.03
498.51 319.03
498.52 320.03
498.55 321.03
498.57 322.03
498.6 323.03
498.63 324.03
498.66 325.03
498.69 326.03
498.72 327.03
498.76 328.02
498.79 329.02
498.83 330.02
498.86 331.02
498.9 332.02
498.93 333.02
498.96 334.02
499 335.02
499.03 336.02
499.06 337.02
499.1 338.02
499.13 339.02
499.16 340.02
499.19 341.02
499.22 342.02
499.25 343.02
499.28 344.02
499.3 345.02
499.33 346.02
499.35 347.01
499.38 348.01
499.4 349.01
499.43 350.01
499.45 351.01
499.47 352.01
499.49 353.01
499.51 354.01
499.61 355.01
499.68 356.01
499.75 357
499.8 358
499.84 359
499.87 360
499.9 361
499.92 362
499.93 363
499.95 364
499.96 365
499.97 366
499.97 367
499.98 368
499.98 369
499.99 370
499.99 371
499.99 372
499.99 373
499.99 374
500 375
500 376
500 377
500 378
500 379
500 380
500 381
500 382
500 383
500 384
500 385
500 386
500 387
500 388
500 389
500 390
500 391
500 392
500 393
500 394
500 395
500 396
500 397
500 398
500 399
500 400
500 401
500 402
500 403
500 404
500 405
500 406
500 407
500 408
500 409
500 410
500 411
500 412
500 413
500 414
500 415
500 416
500 417
500 418
500 419
500 420
500 421
500 422
500 423
500 424
500 425
500 426
500 427
500 428
500 429
500 430
500 431
500 432
500 433
500 434
500 435
500 436
500 437
500 438
500 439
500 440
500 441
500 442
500 443
500 444
500 445
500 446
500 447
500 448
500 449
500 450
Value
0.003422815837944104