Convergence
0.048264129798846325
0.048264129798846325
0.027354257958232066
0.02571615114716552
0.017238473604585254
0.016429099687082182
0.016429099687082182
0.016429099687082182
0.013461169805554108
0.010212064477358824
0.009266738548085202
0.009266738548085202
0.0044989259906162244
0.0044989259906162244
0.0044989259906162244
0.0044989259906162244
0.0044989259906162244
0.0044989259906162244
0.0042429489363577915
0.004212659680643888
0.004090986116143831
0.004090986116143831
0.004079827363699573
0.004010525551599111
0.004010525551599111
0.004010525551599111
0.004010525551599111
0.003998808950084053
0.003921863176956624
0.003827542385630763
0.003827542385630763
0.0038171326582740308
0.00376776821026191
0.00376776821026191
0.0037606502280551394
0.00365853203190909
0.00365853203190909
0.0036398352361101827
0.0036182621443609795
0.0036182621443609795
0.003569516061605036
0.003569516061605036
0.003569516061605036
0.003525629903493712
0.003525629903493712
0.003525629903493712
0.0035048811054051174
0.0035048811054051174
0.0035048811054051174
0.0034966007161516916
0.0034966007161516916
0.0034966007161516916
0.0034966007161516916
0.003487801798293367
0.003487801798293367
0.003470084117999912
0.003470084117999912
0.003470084117999912
0.0034522693259404357
0.0034522693259404357
0.0034522693259404357
0.003450283601462144
0.0034462976107597822
0.0034462976107597822
0.0034462976107597822
0.003441040126452264
0.003441040126452264
0.003441040126452264
0.0034321193276916234
0.0034321193276916234
0.0034321193276916234
0.0034321193276916234
0.0034321193276916234
0.0034321193276916234
0.0034321193276916234
0.0034321193276916234
0.003431282349404933
0.0034303313244414897
0.0034303313244414897
0.0034303313244414897
0.0034292247484324777
0.0034292247484324777
0.0034288381331932954
0.0034288381331932954
0.0034288381331932954
0.0034288381331932954
0.0034285845315896813
0.0034280999656441545
0.003424933148902596
0.003424933148902596
0.003424933148902596
0.003424933148902596
0.003424933148902596
0.003424933148902596
0.003424933148902596
0.003424933148902596
0.0034248320856796756
0.0034248320856796756
0.0034248320856796756
0.0034239832101018467
0.0034239832101018467
0.0034239832101018467
0.0034237025315752008
0.0034237025315752008
0.0034237025315752008
0.0034237025315752008
0.0034237025315752008
0.003423027549748956
0.003423027549748956
0.0034228386966884115
0.0034228386966884115
0.0034228386966884115
0.0034228386966884115
0.003422541800554592
0.003422541800554592
0.003422541800554592
0.003422525504799268
0.003422525504799268
0.003422525504799268
0.003422501415669643
0.003422501415669643
0.0034221290766518146
0.003421749388126286
0.003421749388126286
0.003421749388126286
0.003421749388126286
0.003421749388126286
0.003421749388126286
0.003421749388126286
0.0034217124982580255
0.0034217124982580255
0.0034217124982580255
0.003420975009416889
0.003420975009416889
0.003420975009416889
0.003420975009416889
0.003420975009416889
0.003420975009416889
0.003420975009416889
0.0034209750078931143
0.0034209750078931143
0.0034209750078931143
0.003420975006391547
0.003420975006391547
0.003420975006391547
0.003420975006391547
0.003420975006391547
0.003420975006391547
0.00342097500496167
0.00342097500496167
0.0034205815219227973
0.003420550227261232
0.003420550227261232
0.003420550227261232
0.0034203800052671584
0.0034203800052671584
0.0034203800052671584
0.0034203672629423755
0.0034203672629423755
0.0034203672629423755
0.0034203672629423755
0.0034203672629423755
0.0034203672629423755
0.0034203672629423755
0.00342001351535747
0.00342001351535747
0.0034200133007837945
0.0034200133007837945
0.0034200133007837945
0.0034200012841579864
0.0034200012841579864
0.003419998491668158
0.003419998491668158
0.003419998491668158
0.003419998491668158
0.003419998491668158
0.0034199938004227364
0.0034199938004227364
0.0034199938004227364
0.003419944983299938
0.003419944983299938
0.003419944983299938
0.003419944983299938
0.003419944983299938
0.003419944983299938
0.003419944983299938
0.003419944983299938
0.0034199225288379063
0.0034199225288379063
0.0034199196814361558
0.0034199196814361558
0.0034199196814361558
0.0034199196814361558
0.0034199196814361558
0.003419917413992006
0.003419917413992006
0.003419898221531658
0.003419898221531658
0.003419898221531658
0.003419898221531658
0.003419898221531658
0.003419898221531658
0.003419898221531658
0.003419786583119259
0.003419786583119259
0.003419786583119259
0.003419786583119259
0.0034197817093120516
0.0034197817093120516
0.0034197817093120516
0.0034197817093120516
0.003419764153062139
0.003419764153062139
0.003419764153062139
0.0034196786116146025
0.0034196786116146025
0.0034196786116146025
0.0034196786116146025
0.0034196786116146025
0.0034196786116146025
0.0034196786116146025
0.0034196786116146025
0.0034196786116146025
0.0034196786116146025
0.0034196786116146025
0.0034196786116146025
0.0034196786116146025
0.0034196786116146025
0.0034196786116146025
0.0034196786116146025
0.0034196786116146025
0.0034196786116146025
0.0034196786116146025
0.0034196786116146025
0.0034196786116146025
0.0034196786116146025
0.0034196786116146025
0.0034196786116146025
0.0034196786116146025
0.0034196786116146025
0.0034196690838942064
0.003419643089072127
0.003419643089072127
0.003419643089072127
0.003419643089072127
0.003419643089072127
0.003419643089072127
0.003419643089072127
0.0034196422036903863
0.0034196422036903863
0.003419642195880529
0.003419642195880529
0.003419642195880529
0.003419642195880529
0.0034196421611906508
0.0034196421611906508
0.0034196421611906508
0.003419642030770709
0.003419642030770709
0.003419642030770709
0.0034196418790705145
0.0034196418790705145
0.0034196418584017526
0.003419641836485174
0.003419641836485174
0.003419641836485174
0.003419641836485174
0.003419641836485174
0.003419641836485174
0.003419641836485174
0.003419641836485174
0.003419641836485174
0.003419641836485174
0.003419641836485174
0.003419641836485174
0.003419641836485174
0.003419641836485174
0.003419641836485174
0.003419641763369679
0.003419641763369679
0.003419641763369679
0.003419641763369679
0.003419641763369679
0.003419641763369679
0.003419641763369679
0.003419641763369679
0.003419641763369679
0.003419641763369679
0.003419641763369679
0.003419641763369679
0.003419641763369679
0.003419641763369679
0.0034196417630600255
0.0034196417630600255
0.0034196417630600255
0.0034196417630600255
0.0034196417630600255
0.0034196417630600255
0.0034196417617667614
0.0034196417617667614
0.0034196417617667614
NumberOfPoint 
839
0 150
0.86 149.49
0.96 150.49
1.49 149.65
2.47 149.42
3.38 149.01
4.04 148.25
4.79 147.59
5.49 146.88
5.98 146.01
6.72 145.33
7.14 144.43
7.75 143.64
8.73 143.42
9.33 142.63
10.09 141.97
11.02 142.33
11.35 143.28
12.33 143.06
13.28 143.38
13.96 144.1
14.36 145.02
14.82 145.91
15.36 146.75
16.12 147.4
17.08 147.68
18.06 147.51
18.97 147.09
19.8 146.52
20.54 145.86
21.32 145.23
22.31 145.08
23.2 144.62
24.19 144.73
25.19 144.78
26.15 144.52
27.15 144.41
28.11 144.16
28.82 143.45
29.37 142.61
29.93 141.79
30.55 141
31.03 140.13
31.45 139.22
32.25 138.62
32.93 137.88
33.22 136.93
33.34 135.93
33.44 134.94
33.53 133.94
33.67 132.95
33.77 131.96
33.85 130.96
33.93 129.96
34.11 128.98
34.39 128.02
34.88 127.15
35.73 126.62
36.72 126.7
37.57 127.24
38.24 127.98
38.8 128.81
39.28 129.68
39.7 130.59
40.08 131.52
40.42 132.46
40.73 133.41
41.03 134.36
41.3 135.33
41.57 136.29
41.82 137.26
42.08 138.22
42.35 139.19
42.65 140.14
42.99 141.08
43.4 141.99
43.9 142.86
44.56 143.61
45.44 144.09
46.44 144.1
47.3 143.59
47.89 142.79
48.31 141.88
48.65 140.94
48.97 139.99
49.28 139.04
49.61 138.1
49.97 137.16
50.35 136.24
50.75 135.32
51.19 134.42
51.67 133.54
52.18 132.68
52.72 131.85
53.31 131.04
53.95 130.27
54.65 129.55
55.4 128.89
56.19 128.29
57.01 127.71
57.84 127.14
58.65 126.56
59.45 125.97
60.28 125.4
61.13 124.87
61.98 124.35
62.83 123.82
63.66 123.26
64.47 122.68
65.3 122.12
66.17 121.63
67.08 121.2
67.98 120.78
68.87 120.33
69.73 119.81
70.53 119.22
71.28 118.55
71.97 117.82
72.61 117.05
73.19 116.24
73.73 115.4
74.04 114.45
74.22 113.46
74.38 112.48
74.64 111.51
75.1 110.63
75.9 110.02
76.9 110.03
77.76 110.53
78.49 111.22
79.18 111.94
79.87 112.67
80.57 113.38
81.28 114.08
82 114.78
82.71 115.48
83.43 116.17
84.15 116.87
84.98 117.43
85.89 117.84
86.84 118.16
87.79 118.46
88.73 118.79
89.67 119.15
90.58 119.56
91.47 120.02
92.33 120.52
93.17 121.07
93.98 121.66
94.76 122.28
95.51 122.94
96.24 123.62
96.94 124.34
97.62 125.07
98.28 125.82
98.92 126.59
99.54 127.38
100.14 128.18
100.73 128.98
101.31 129.8
101.89 130.62
102.46 131.44
103.02 132.26
103.58 133.09
104.15 133.92
104.71 134.74
105.28 135.56
105.86 136.38
106.46 137.18
106.79 138.12
107.48 138.84
108.24 139.49
109.02 140.12
109.8 140.75
110.58 141.37
111.37 141.99
112.16 142.6
112.95 143.22
113.74 143.83
114.53 144.44
115.32 145.05
116.11 145.67
116.89 146.28
117.68 146.9
118.47 147.51
119.26 148.13
120.04 148.75
120.82 149.38
121.6 150
122.38 150.63
123.16 151.26
123.94 151.89
124.71 152.52
125.48 153.16
126.25 153.8
127.01 154.44
127.78 155.09
128.54 155.74
129.3 156.39
130.05 157.04
130.8 157.7
131.56 158.36
132.3 159.03
133.05 159.69
133.79 160.36
134.53 161.04
135.27 161.71
136 162.39
136.73 163.07
137.46 163.76
138.18 164.45
138.9 165.15
139.6 165.86
140.29 166.59
140.96 167.33
141.63 168.07
142.29 168.82
142.95 169.57
143.62 170.32
144.28 171.07
144.95 171.81
145.61 172.56
146.28 173.3
146.95 174.04
147.62 174.79
148.29 175.53
148.96 176.27
149.63 177.01
150.3 177.76
150.97 178.5
151.64 179.24
152.31 179.98
152.98 180.73
153.64 181.47
154.31 182.22
154.98 182.97
155.64 183.71
156.3 184.46
156.97 185.21
157.63 185.96
158.29 186.71
158.95 187.47
159.6 188.22
160.26 188.97
160.92 189.73
161.57 190.48
162.22 191.24
162.87 192
163.53 192.76
164.18 193.52
164.82 194.28
165.47 195.04
166.12 195.8
166.77 196.56
167.42 197.32
168.07 198.08
168.73 198.84
169.38 199.59
170.04 200.35
170.69 201.1
171.35 201.86
172.01 202.61
172.67 203.36
173.33 204.11
174 204.85
174.67 205.6
175.33 206.34
176 207.09
176.67 207.83
177.35 208.57
178.02 209.31
178.7 210.04
179.37 210.78
180.05 211.51
180.73 212.25
181.41 212.98
182.09 213.72
182.77 214.45
183.44 215.19
184.12 215.93
184.79 216.67
185.46 217.41
186.12 218.16
186.79 218.91
187.44 219.66
188.09 220.42
188.74 221.19
189.38 221.95
190.01 222.73
190.64 223.51
191.26 224.29
191.87 225.08
192.48 225.87
193.09 226.67
193.68 227.47
194.28 228.28
194.86 229.09
195.44 229.9
196.02 230.72
196.59 231.54
197.16 232.36
197.72 233.19
198.28 234.02
198.83 234.85
199.38 235.69
199.9 236.54
200.4 237.41
200.89 238.28
201.37 239.16
201.83 240.05
202.29 240.93
202.75 241.82
203.21 242.71
203.68 243.59
204.14 244.48
204.61 245.36
205.08 246.24
205.56 247.12
206.04 248
206.53 248.87
207.02 249.74
207.52 250.61
208.02 251.47
208.53 252.34
209.04 253.19
209.56 254.05
210.08 254.9
210.61 255.76
211.13 256.6
211.67 257.45
212.21 258.29
212.75 259.13
213.29 259.97
213.84 260.81
214.4 261.64
214.6 262.62
214.86 263.58
215.24 264.51
215.69 265.4
216.21 266.26
216.76 267.09
217.34 267.91
217.94 268.71
218.55 269.5
219.18 270.28
219.81 271.05
220.45 271.82
221.1 272.58
221.75 273.34
222.41 274.09
223.07 274.84
223.74 275.58
224.41 276.32
225.09 277.06
225.77 277.79
226.45 278.52
227.14 279.25
227.83 279.97
228.53 280.69
229.22 281.41
229.93 282.12
230.63 282.83
231.34 283.53
232.06 284.23
232.78 284.92
233.5 285.62
234.23 286.3
234.96 286.99
235.69 287.67
236.43 288.34
237.16 289.02
237.9 289.69
238.65 290.36
239.39 291.02
240.14 291.69
240.9 292.35
241.65 293
242.41 293.66
243.16 294.31
243.92 294.96
244.69 295.61
245.45 296.25
246.22 296.89
246.99 297.53
247.76 298.17
248.53 298.81
249.3 299.44
250.08 300.07
250.86 300.7
251.64 301.32
252.42 301.94
253.21 302.56
253.99 303.18
254.78 303.79
255.57 304.41
256.37 305.02
257.16 305.62
257.96 306.22
258.77 306.81
259.58 307.39
260.4 307.97
261.23 308.52
262.07 309.07
262.92 309.59
263.78 310.1
264.66 310.59
265.55 311.05
266.45 311.48
267.36 311.89
268.28 312.27
269.22 312.62
270.17 312.93
271.13 313.21
272.1 313.44
273.08 313.64
274.07 313.8
275.06 313.92
276.06 314
277.06 314.04
278.06 314.03
279.06 313.98
280.06 313.9
281.05 313.77
282.03 313.6
283.01 313.4
283.99 313.17
284.95 312.9
285.9 312.59
286.84 312.26
287.78 311.9
288.7 311.52
289.61 311.11
290.51 310.68
291.41 310.22
292.29 309.75
293.16 309.26
294.02 308.76
294.88 308.23
295.72 307.7
296.56 307.15
297.39 306.59
298.21 306.02
299.02 305.45
299.83 304.86
300.64 304.26
301.44 303.66
302.23 303.05
303.02 302.44
303.8 301.82
304.58 301.19
305.36 300.56
306.13 299.93
306.9 299.29
307.67 298.65
308.44 298
309.2 297.36
309.96 296.71
310.72 296.06
311.48 295.41
312.23 294.75
312.99 294.1
313.74 293.44
314.49 292.78
315.25 292.12
316 291.46
316.75 290.8
317.5 290.14
318.25 289.48
319 288.82
319.75 288.16
320.5 287.5
321.26 286.84
322.01 286.18
322.76 285.52
323.51 284.86
324.27 284.21
325.02 283.55
325.78 282.9
326.53 282.24
327.29 281.59
328.05 280.94
328.81 280.29
329.56 279.63
330.31 278.96
331.05 278.29
331.79 277.62
332.54 276.96
333.29 276.3
334.05 275.65
334.81 275
335.58 274.36
336.35 273.72
337.12 273.09
337.9 272.46
338.68 271.84
339.47 271.22
340.27 270.62
341.07 270.01
341.87 269.42
342.68 268.83
343.49 268.25
344.31 267.67
345.13 267.1
345.95 266.53
346.77 265.96
347.6 265.4
348.44 264.85
349.27 264.3
350.11 263.75
350.95 263.21
351.78 262.66
352.61 262.1
353.45 261.55
354.28 261
355.12 260.45
355.96 259.91
356.8 259.37
357.65 258.84
358.5 258.31
359.35 257.79
360.21 257.28
361.08 256.78
361.94 256.28
362.82 255.8
363.7 255.32
364.58 254.85
365.47 254.4
366.37 253.95
367.27 253.52
368.18 253.1
369.09 252.69
370.01 252.29
370.93 251.91
371.86 251.55
372.8 251.19
373.74 250.86
374.69 250.53
375.64 250.23
376.6 249.94
377.56 249.67
378.52 249.41
379.5 249.18
380.47 248.96
381.45 248.76
382.43 248.57
383.42 248.41
384.41 248.27
385.4 248.14
386.4 248.04
387.39 247.96
388.39 247.89
389.39 247.85
390.39 247.83
391.39 247.82
392.39 247.84
393.39 247.88
394.39 247.95
395.38 248.03
396.38 248.13
397.37 248.26
398.36 248.4
399.35 248.57
400.33 248.76
401.31 248.96
402.28 249.19
403.25 249.44
404.21 249.71
405.17 250
406.12 250.31
407.07 250.64
408 250.98
408.94 251.34
409.87 251.71
410.79 252.09
411.71 252.47
412.64 252.86
413.56 253.24
414.49 253.62
415.42 253.99
416.35 254.36
417.28 254.72
418.22 255.07
419.16 255.41
420.1 255.75
421.04 256.08
421.99 256.4
422.94 256.72
423.89 257.03
424.84 257.33
425.79 257.64
426.74 257.94
427.7 258.24
428.65 258.54
429.6 258.85
430.56 259.15
431.51 259.46
432.46 259.77
433.41 260.09
434.35 260.42
435.3 260.75
436.24 261.09
437.17 261.44
438.11 261.8
439.04 262.16
439.96 262.55
440.88 262.94
441.79 263.34
442.7 263.76
443.6 264.19
444.5 264.64
445.39 265.1
446.27 265.58
447.14 266.06
448 266.57
448.86 267.09
449.7 267.62
450.54 268.17
451.36 268.74
452.18 269.32
452.98 269.91
453.81 270.47
454.67 270.99
455.54 271.48
456.43 271.94
457.32 272.38
458.23 272.81
459.13 273.23
460.04 273.65
460.95 274.06
461.86 274.48
462.76 274.91
463.66 275.35
464.56 275.8
465.44 276.26
466.32 276.74
467.19 277.23
468.05 277.74
468.9 278.27
469.74 278.81
470.56 279.38
471.38 279.96
472.18 280.56
472.97 281.18
473.74 281.81
474.5 282.46
475.24 283.13
475.97 283.81
476.69 284.51
477.39 285.22
478.07 285.95
478.74 286.7
479.4 287.45
480.03 288.22
480.66 289
481.26 289.8
481.86 290.61
482.43 291.42
482.99 292.25
483.54 293.09
484.07 293.93
484.59 294.79
485.09 295.65
485.58 296.53
486.05 297.41
486.51 298.3
486.96 299.19
487.39 300.09
487.81 301
488.64 301.56
489.34 300.84
489.8 299.95
490.28 299.08
490.8 298.22
491.36 297.39
491.96 296.59
492.6 295.83
493.3 295.11
494.07 294.47
494.91 293.93
495.83 293.54
496.82 293.4
497.8 293.62
498.6 294.22
499.12 295.07
499.42 296.02
499.59 297.01
499.69 298
499.75 299
499.79 300
499.82 301
499.83 302
499.86 303
499.86 304
499.89 305
499.9 306
499.9 307
499.91 308
499.92 309
499.92 310
499.93 311
499.94 312
499.94 313
499.94 314
499.95 315
499.95 316
499.95 317
499.96 318
499.96 319
499.96 320
499.96 321
499.96 322
499.96 323
499.96 324
499.96 325
499.96 326
499.97 327
499.97 328
499.97 329
499.97 330
499.97 331
499.97 332
499.97 333
499.97 334
499.97 335
499.97 336
499.97 337
499.97 338
499.97 339
499.98 340
499.98 341
499.98 342
499.98 343
499.99 344
499.99 345
499.99 346
499.99 347
499.99 348
499.99 349
499.99 350
499.99 351
499.99 352
499.99 353
500 354
500 355
500 356
500 357
500 358
500 359
500 360
500 361
500 362
500 363
500 364
500 365
500 366
500 367
500 368
500 369
500 370
500 371
500 372
500 373
500 374
500 375
500 376
500 377
500 378
500 379
500 380
500 381
500 382
500 383
500 384
500 385
500 386
500 387
500 388
500 389
500 390
500 391
500 392
500 393
500 394
500 395
500 396
500 397
500 398
500 399
500 400
500 401
500 402
500 403
500 404
500 405
500 406
500 407
500 408
500 409
500 410
500 411
500 412
500 413
500 414
500 415
500 416
500 417
500 418
500 419
500 420
500 421
500 422
500 423
500 424
500 425
500 426
500 427
500 428
500 429
500 430
500 431
500 432
500 433
500 434
500 435
500 436
500 437
500 438
500 439
500 440
500 441
500 442
500 443
500 444
500 445
500 446
500 447
500 448
500 449
500 450
Value
0.0034196417617667614