Convergence
0.04029076920106725
0.023743021168461564
0.023743021168461564
0.02338072805389018
0.02338072805389018
0.00845129593314994
0.00845129593314994
0.008408105487505367
0.00837885913682373
0.008118998362314962
0.008117837600974284
0.008117837600974284
0.008117837600974284
0.008117837600974284
0.007650387083454568
0.007650387083454568
0.007650387083454568
0.007357509582909951
0.007341566623765734
0.006309080560133502
0.006309080560133502
0.006309080560133502
0.006056254008424367
0.006056254008424367
0.00548895151002513
0.00548895151002513
0.00548895151002513
0.00548895151002513
0.00548895151002513
0.00548895151002513
0.00548895151002513
0.005460525498695308
0.005460525498695308
0.005460525498695308
0.005460525498695308
0.005362010539915206
0.005327373341231106
0.005327373341231106
0.005327373341231106
0.005309799625368586
0.005303315027956687
0.005303315027956687
0.005269938449196676
0.005204465540748409
0.005204465540748409
0.005170241326961099
0.005170241326961099
0.005142508498002292
0.005142508498002292
0.005142508498002292
0.005142508498002292
0.005131654519351497
0.005131654519351497
0.005131654519351497
0.00512784492701148
0.0051278449237656355
0.0051145084170745436
0.005110798587910837
0.005034076919729369
0.005034076919729369
0.005030939158228165
0.0050030274344445205
0.004995423261902197
0.004994493307008
0.004994493307008
0.0049463081862581625
0.0049463081862581625
0.0049463081862581625
0.0049463081862581625
0.004921587834475929
0.004921587834475929
0.004921587834475929
0.004921587834474153
0.004921587834474153
0.004921587834474153
0.004921587834474153
0.004921587834474153
0.0049036392216163325
0.0049036392216163325
0.0049036392216163325
0.0049036392216163325
0.0049036392216163325
0.0048972238028869635
0.0048972238028869635
0.0048972238028869635
0.00489160113144052
0.00489160113144052
0.0048910125655729185
0.00487523229697344
0.00487523229697344
0.00487523229697344
0.00487523229697344
0.00487523229697344
0.00487523229697344
0.00487523229697344
0.00487523229697344
0.00487523229697344
0.004872210880451383
0.004872210880451383
0.004872210880451383
0.0048717703410699155
0.004871328971492895
0.004855851271658515
0.004855851271658515
0.004855851271658515
0.004855851271658515
0.004855851271658515
0.004855462162285182
0.004855462162285182
0.004855462162285182
0.004855462162285182
0.004855462162285182
0.004855462162285182
0.004855462162285182
0.004855462162285182
0.004855462162285182
0.004855462162285182
0.004855462162285182
0.004854664517586707
0.004854664517586707
0.004854664517586707
0.0048524962745870774
0.0048524962745870774
0.004852485702483352
0.004852485702483352
0.004850616007489239
0.004850616007489239
0.004848678646657629
0.004848678646657629
0.004848678646657629
0.004848678646657629
0.004847366939916078
0.004846311982727712
0.004846311982727712
0.004846311982727712
0.004846311982727712
0.004845569161897124
0.004842516318907768
0.004842516318907768
0.004842516318907768
0.004842082760404932
0.004842082760404932
0.004842082760404932
0.004842082760404932
0.004842082760404932
0.004842082760404932
0.004841939706634853
0.004841939706634853
0.004841275561554594
0.004841275561554594
0.004841275561554594
0.004841275561554594
0.0048410752359307405
0.0048410752359307405
0.004841017770683761
0.004841017770683761
0.004841017770683761
0.004840991526766152
0.00484098809537685
0.00484098809537685
0.0048407936133681275
0.0048407936133681275
0.004840696267617596
0.004839851154447549
0.004839851106560521
0.004839841776016928
0.004839841774532156
0.004839841774532156
0.004839841774532156
0.004839841774532156
0.004839421315833591
0.0048387645501428034
0.0048386877239790975
0.004838676429389909
0.004838569570130843
0.004838569570130843
0.004838484824074554
0.0048363834029518755
0.004836383394654597
0.004836383394654597
0.004836383394654597
0.004836383394654597
0.004836383394654597
0.004836383394654597
0.004836383394654597
0.004836383394654597
0.004836383394654597
0.004836383394654597
0.004836383394654597
0.004836383394654597
0.004836383394654597
0.004836383391286353
0.00483638339118998
0.00483638339118998
0.00483638339118998
0.00483638339118998
0.00483638339118998
0.00483638339118998
0.00483638339118998
0.00483638339118998
0.00483638339118998
0.00483638339118998
0.00483638339118998
0.00483638339118998
0.00483638339118998
0.00483638339118998
0.00483638339118998
0.00483638339118998
0.00483638339118998
0.00483638339118998
0.00483638339118998
0.00483638339118998
0.00483638339118998
0.00483638339118998
0.00483638339118998
0.00483638339118998
0.00483638339118998
0.00483638339118998
0.00483638339118998
0.00483638339118998
0.004836383391051523
0.00483638338865148
0.00483638338865148
0.00483638338865148
0.00483638338865148
0.00483638338865148
0.00483638338865148
0.00483638338865148
0.00483638338865148
0.004836237877581393
0.004836237877581393
0.004836237877581393
0.004836237877581393
0.004836237877581393
0.004836237877581393
0.004836237877581393
0.004836237877581393
0.004836237877581393
0.004836237877581393
0.004836237877581393
0.004836237877581393
0.004836237877581393
0.004836237877581393
0.004836237877581393
0.004836237877581393
0.004836237877581393
0.004836237877581393
0.004836228680684917
0.004836228680684917
0.004836228680684917
0.004836228680684917
0.004836228677224852
0.004836228677224852
0.004836228676782637
0.004836228676782637
0.004836228676782637
0.004836228635386978
0.004836228635386978
0.00483622862832827
0.00483622862832827
0.00483622862832827
0.00483622862832827
0.00483622862832827
0.00483622862832827
0.00483622862832827
0.00483622862832827
0.00483622862832827
0.00483622862832827
0.004836228627594148
0.004836228624990599
0.004836228244599211
0.004836228244599211
0.004836228244599211
0.004836228244599211
0.004836228244599211
0.004836228244599211
0.004836228244599211
0.004836228244599211
0.004836228244599211
0.004836228244599211
0.004836228242313739
0.004836228242313739
0.004836228238437594
0.004836227000944534
0.004836227000944534
0.004836227000944534
0.004836227000944534
0.004836227000944534
0.004836227000944534
0.004836227000944534
0.004836227000944534
0.004836227000944534
0.004836227000944534
0.004836227000944534
0.004836227000944534
0.004836227000944534
0.004836227000944534
0.004836227000944534
0.004836227000944534
0.004836227000944534
0.004836227000944534
NumberOfPoint 
814
0 150
0.99 150.17
1.66 149.44
2.07 148.52
2.38 147.57
2.74 146.64
3.05 147.59
3.39 148.53
3.84 149.43
4.32 150.3
4.9 151.12
5.64 151.78
6.56 152.2
7.56 152.23
8.52 151.97
9.39 151.48
10.39 151.41
11.29 151.85
11.94 152.61
12.34 153.53
12.87 154.37
13.69 154.94
14.68 154.79
15.31 154.01
15.87 153.19
16.49 152.4
16.99 151.54
17.62 150.76
18.22 149.96
18.8 149.14
19.37 148.32
19.6 147.35
19.9 146.39
20.35 145.5
20.96 144.71
21.67 144
22.51 143.46
23.47 143.17
24.44 142.95
25.38 142.61
26.24 142.09
26.95 141.4
27.56 140.6
28.15 139.79
28.7 138.96
29.18 138.08
29.58 137.17
30.41 136.6
31.34 136.96
32.16 137.53
33.03 138.02
33.94 138.43
34.88 138.78
35.83 139.09
36.8 139.35
37.77 139.56
38.77 139.67
39.77 139.64
40.75 139.45
41.68 139.08
42.51 138.53
43.23 137.83
43.83 137.03
44.32 136.16
44.73 135.25
45.07 134.31
45.38 133.36
45.67 132.4
45.94 131.44
46.22 130.48
46.5 129.52
46.79 128.56
47.09 127.6
47.41 126.66
47.76 125.72
48.13 124.79
48.51 123.87
48.92 122.96
49.35 122.05
49.81 121.17
50.31 120.3
50.82 119.44
51.37 118.6
51.92 117.77
52.5 116.95
53.08 116.14
53.67 115.33
54.26 114.53
54.86 113.73
55.47 112.93
56.08 112.14
56.69 111.34
57.29 110.54
57.88 109.74
58.47 108.93
59.06 108.12
59.64 107.31
60.25 106.52
60.88 105.74
61.54 104.99
62.22 104.26
62.93 103.55
63.65 102.86
64.38 102.17
65.11 101.49
65.84 100.81
66.58 100.14
67.32 99.46
68.06 98.79
68.8 98.12
69.54 97.45
70.28 96.78
71.02 96.09
71.74 95.41
72.5 94.76
73.36 94.24
74.33 93.99
75.32 94.14
76.16 94.68
76.76 95.48
77.18 96.38
77.52 97.32
77.82 98.28
78.12 99.23
78.43 100.18
78.74 101.13
79.05 102.08
79.38 103.03
79.71 103.97
80.05 104.91
80.41 105.85
80.78 106.77
81.17 107.7
81.57 108.61
81.99 109.52
82.43 110.42
82.89 111.31
83.36 112.19
83.86 113.05
84.37 113.91
84.91 114.76
85.47 115.59
86.05 116.4
86.66 117.19
87.29 117.97
87.95 118.72
88.63 119.45
89.34 120.15
90.09 120.82
90.86 121.46
91.65 122.06
92.48 122.62
93.34 123.14
94.32 123.34
95.31 123.42
96.3 123.56
97.28 123.76
98.26 123.96
99.25 124.14
100.05 123.54
100.9 123.02
101.89 122.87
102.89 122.88
103.89 122.91
104.89 122.92
105.89 122.91
106.89 122.87
107.89 122.81
108.88 122.74
109.88 122.65
110.87 122.56
111.87 122.45
112.86 122.35
113.86 122.25
114.85 122.16
115.85 122.07
116.85 122
117.85 121.94
118.85 121.9
119.85 121.89
120.85 121.9
121.84 121.93
122.84 122
123.84 122.1
124.83 122.23
125.82 122.39
126.8 122.59
127.77 122.83
128.73 123.1
129.68 123.41
130.62 123.75
131.54 124.14
132.45 124.56
133.34 125.01
134.22 125.5
135.07 126.01
135.91 126.56
136.72 127.14
137.52 127.75
138.29 128.38
139.05 129.04
139.78 129.72
140.5 130.42
141.19 131.13
141.87 131.87
142.53 132.62
143.17 133.39
143.79 134.17
144.4 134.96
145 135.76
145.58 136.58
146.15 137.4
146.71 138.23
147.25 139.07
147.79 139.91
148.32 140.76
148.83 141.62
149.34 142.48
149.85 143.34
150.34 144.21
150.84 145.08
151.32 145.96
151.8 146.83
152.28 147.71
152.76 148.59
153.23 149.47
153.7 150.35
154.17 151.24
154.66 152.11
155.15 152.98
155.62 153.86
156.09 154.75
156.55 155.63
157 156.52
157.46 157.41
157.92 158.3
158.37 159.19
158.83 160.08
159.29 160.97
159.72 161.87
160.14 162.78
160.57 163.69
161 164.59
161.45 165.48
161.9 166.37
162.36 167.26
162.83 168.14
163.31 169.02
163.78 169.9
164.27 170.78
164.75 171.65
165.24 172.52
165.73 173.4
166.22 174.26
166.72 175.13
167.22 176
167.73 176.86
168.23 177.72
168.74 178.58
169.26 179.44
169.77 180.3
170.29 181.15
170.81 182.01
171.34 182.86
171.87 183.71
172.4 184.55
172.93 185.4
173.47 186.24
174.01 187.08
174.55 187.92
175.1 188.76
175.65 189.6
176.2 190.43
176.75 191.27
177.31 192.1
177.87 192.92
178.43 193.75
179 194.58
179.57 195.4
180.14 196.22
180.71 197.04
181.28 197.86
181.86 198.68
182.44 199.49
183.02 200.3
183.61 201.11
184.19 201.92
184.78 202.73
185.38 203.54
185.97 204.34
186.57 205.14
187.17 205.94
187.77 206.74
188.37 207.54
188.98 208.33
189.59 209.13
190.2 209.92
190.81 210.71
191.43 211.5
192.05 212.28
192.67 213.07
193.29 213.85
193.91 214.63
194.54 215.41
195.17 216.19
195.8 216.96
196.43 217.74
197.07 218.51
197.7 219.28
198.34 220.05
198.98 220.82
199.63 221.59
200.27 222.35
200.92 223.11
201.57 223.87
202.22 224.63
202.87 225.39
203.53 226.15
204.18 226.9
204.84 227.65
205.5 228.4
206.16 229.15
206.82 229.9
207.49 230.65
208.16 231.39
208.83 232.14
209.5 232.88
210.17 233.62
210.84 234.36
211.52 235.1
212.2 235.83
212.87 236.57
213.55 237.3
214.24 238.03
214.92 238.76
215.61 239.49
216.29 240.21
216.98 240.94
217.67 241.66
218.36 242.38
219.06 243.11
219.75 243.83
220.45 244.54
221.14 245.26
221.84 245.98
222.54 246.69
223.25 247.4
223.95 248.11
224.65 248.82
225.36 249.53
226.07 250.24
226.78 250.94
227.49 251.65
228.2 252.35
228.91 253.05
229.63 253.75
230.34 254.45
231.06 255.15
231.78 255.84
232.5 256.54
233.22 257.23
233.94 257.92
234.66 258.61
235.39 259.3
236.11 259.99
236.84 260.68
237.57 261.36
238.3 262.05
239.03 262.73
239.76 263.41
240.49 264.09
241.22 264.77
241.96 265.45
242.7 266.12
243.44 266.79
244.19 267.45
244.94 268.11
245.7 268.77
246.46 269.42
247.22 270.06
247.99 270.7
248.77 271.33
249.55 271.96
250.33 272.58
251.12 273.19
251.92 273.8
252.72 274.4
253.52 274.99
254.33 275.58
255.15 276.16
255.97 276.73
256.79 277.29
257.62 277.85
258.46 278.4
259.3 278.93
260.15 279.46
261.01 279.98
261.87 280.49
262.73 281
263.6 281.49
264.48 281.97
265.36 282.44
266.25 282.89
267.15 283.34
268.05 283.78
268.95 284.2
269.86 284.61
270.78 285.01
271.71 285.39
272.63 285.76
273.57 286.12
274.51 286.46
275.45 286.79
276.4 287.1
277.36 287.4
278.32 287.68
279.28 287.94
280.25 288.19
281.23 288.42
282.2 288.63
283.18 288.82
284.17 289
285.16 289.15
286.15 289.29
287.14 289.41
288.14 289.5
289.13 289.58
290.13 289.64
291.13 289.68
292.13 289.69
293.13 289.69
294.13 289.66
295.13 289.61
296.13 289.54
297.12 289.45
298.12 289.34
299.11 289.21
300.09 289.05
301.08 288.88
302.06 288.68
303.04 288.46
304.01 288.23
304.97 287.97
305.93 287.69
306.89 287.4
307.84 287.08
308.78 286.75
309.72 286.39
310.64 286.01
311.56 285.62
312.47 285.21
313.37 284.78
314.27 284.32
315.15 283.86
316.03 283.39
316.91 282.91
317.8 282.44
318.68 281.98
319.57 281.51
320.45 281.05
321.34 280.59
322.23 280.14
323.13 279.69
324.02 279.24
324.92 278.8
325.81 278.36
326.71 277.91
327.61 277.47
328.51 277.04
329.41 276.6
330.31 276.16
331.2 275.71
332.09 275.25
332.97 274.78
333.84 274.29
334.71 273.79
335.56 273.27
336.42 272.75
337.26 272.22
338.11 271.68
338.95 271.14
339.79 270.6
340.63 270.06
341.44 269.48
342.26 268.9
343.08 268.32
343.9 267.75
344.72 267.19
345.55 266.62
346.38 266.06
347.21 265.51
348.04 264.96
348.88 264.41
349.72 263.88
350.57 263.34
351.42 262.81
352.27 262.29
353.13 261.78
353.99 261.27
354.85 260.76
355.72 260.26
356.58 259.75
357.44 259.25
358.31 258.74
359.17 258.24
360.03 257.73
360.89 257.22
361.75 256.72
362.62 256.21
363.48 255.7
364.35 255.2
365.21 254.71
366.09 254.22
366.96 253.74
367.84 253.26
368.73 252.8
369.62 252.35
370.52 251.91
371.43 251.49
372.34 251.08
373.26 250.68
374.18 250.3
375.11 249.93
376.05 249.59
376.99 249.25
377.94 248.94
378.9 248.64
379.86 248.36
380.82 248.1
381.79 247.86
382.77 247.63
383.75 247.42
384.73 247.23
385.71 247.06
386.7 246.9
387.69 246.76
388.68 246.63
389.62 246.3
390.62 246.21
391.62 246.13
392.62 246.07
393.61 246.03
394.61 246
395.61 245.98
396.61 245.98
397.61 245.99
398.61 246.02
399.61 246.06
400.61 246.11
401.61 246.17
402.61 246.25
403.6 246.34
404.6 246.44
405.59 246.55
406.58 246.68
407.57 246.82
408.56 246.96
409.55 247.12
410.53 247.3
411.52 247.48
412.5 247.67
413.48 247.88
414.45 248.09
415.43 248.32
416.4 248.56
417.28 249.03
418.18 249.46
419.12 249.81
420.08 250.1
421.04 250.37
422.01 250.63
422.97 250.89
423.94 251.15
424.9 251.42
425.86 251.69
426.82 251.97
427.78 252.26
428.73 252.56
429.69 252.86
430.64 253.18
431.58 253.5
432.53 253.83
433.47 254.16
434.41 254.51
435.34 254.86
436.28 255.22
437.21 255.59
438.13 255.97
439.05 256.36
439.97 256.75
440.89 257.16
441.79 257.58
442.7 258
443.6 258.44
444.49 258.88
445.38 259.34
446.27 259.81
447.14 260.29
448.01 260.78
448.88 261.29
449.74 261.8
450.59 262.32
451.44 262.85
452.28 263.4
453.11 263.95
453.94 264.51
454.76 265.08
455.57 265.66
456.38 266.25
457.18 266.85
457.98 267.45
458.77 268.07
459.54 268.7
460.31 269.34
461.07 269.99
461.81 270.66
462.53 271.36
463.23 272.07
463.91 272.81
464.56 273.57
465.18 274.35
465.78 275.15
466.36 275.96
466.92 276.79
467.46 277.63
467.99 278.48
468.52 279.33
469.05 280.18
469.58 281.02
470.13 281.86
470.69 282.69
471.26 283.51
471.86 284.31
472.48 285.1
473.12 285.87
473.78 286.61
474.47 287.34
475.17 288.05
475.9 288.74
476.64 289.41
477.39 290.07
478.16 290.71
478.94 291.34
479.72 291.96
480.51 292.57
481.3 293.19
482.09 293.8
482.88 294.42
483.66 295.04
484.43 295.67
485.2 296.32
485.95 296.97
486.69 297.65
487.42 298.33
488.13 299.04
488.81 299.77
489.48 300.51
490.13 301.27
490.75 302.06
491.35 302.86
491.93 303.67
492.47 304.51
493 305.36
493.5 306.23
493.97 307.11
494.41 308.01
494.83 308.91
495.31 309.79
496.01 310.5
497.01 310.61
497.84 310.06
498.58 309.38
499.54 309.11
499.99 310
499.99 311
499.99 312
500 313
500 314
500 315
500 316
500 317
500 318
500 319
500 320
500 321
500 322
500 323
500 324
500 325
500 326
500 327
500 328
500 329
500 330
500 331
500 332
500 333
500 334
500 335
500 336
500 337
500 338
500 339
500 340
500 341
500 342
500 343
500 344
500 345
500 346
500 347
500 348
500 349
500 350
500 351
500 352
500 353
500 354
500 355
500 356
500 357
500 358
500 359
500 360
500 361
500 362
500 363
500 364
500 365
500 366
500 367
500 368
500 369
500 370
500 371
500 372
500 373
500 374
500 375
500 376
500 377
500 378
500 379
500 380
500 381
500 382
500 383
500 384
500 385
500 386
500 387
500 388
500 389
500 390
500 391
500 392
500 393
500 394
500 395
500 396
500 397
500 398
500 399
500 400
500 401
500 402
500 403
500 404
500 405
500 406
500 407
500 408
500 409
500 410
500 411
500 412
500 413
500 414
500 415
500 416
500 417
500 418
500 419
500 420
500 421
500 422
500 423
500 424
500 425
500 426
500 427
500 428
500 429
500 430
500 431
500 432
500 433
500 434
500 435
500 436
500 437
500 438
500 439
500 440
500 441
500 442
500 443
500 444
500 445
500 446
500 447
500 448
500 449
500 450
Value
0.004836227000944534