Convergence
0.04516511051327459
0.04111629826177671
0.03925361051544635
0.03925361051544635
0.03925361051544635
0.03756132232956207
0.03756132232956207
0.01197341004552812
0.0117826216467628
0.0117826216467628
0.0117826216467628
0.0117826216467628
0.0117826216467628
0.0117826216467628
0.01050577375556527
0.01050577375556527
0.009076940463555056
0.009039457024892675
0.00896084390581068
0.00896084390581068
0.007735210121046149
0.007735210121046149
0.007735210121046149
0.006731944211752081
0.006652523229272543
0.006652523229272543
0.006336054381299609
0.006252088926610999
0.005627945499938216
0.005184943336528413
0.005184943336528413
0.0050185826366675925
0.0049563536075287835
0.004805439212551499
0.004765558151969578
0.004765558151969578
0.004611550046143753
0.004475644504844264
0.004424220924801234
0.0042333709524062174
0.004209378357915422
0.00404774598776352
0.004047482936558138
0.004047482936558138
0.0038808203314438993
0.0038287861557636605
0.003758960710874922
0.0037029615347182084
0.0036147134310510073
0.0036147134310510073
0.003610789097473846
0.003610789097473846
0.003610789097473846
0.0036105612192287124
0.0036105612192287124
0.0036058745176077134
0.0036058745176077134
0.003592032981356368
0.003592032981356368
0.003549736431365646
0.003549736431365646
0.003549736431365646
0.0035472858209921153
0.003542401134584425
0.0035402910262141373
0.0035102300839891265
0.0035102300839891265
0.0035102300834814974
0.0035056207200017506
0.0035056207200017506
0.0035056207200017506
0.0035056207200017506
0.0035056207200017506
0.00350013908912422
0.00350013908912422
0.0034911225555366225
0.0034792617455978517
0.0034792617455978517
0.0034792617455978517
0.0034792617455978517
0.0034792141557170135
0.0034792141557170135
0.0034785490743537897
0.0034785490743537897
0.0034777875710544593
0.00347744259274762
0.0034766171167598526
0.0034753601084255912
0.003473776988181394
0.0034736180955321247
0.0034736180955321247
0.0034736180955321247
0.003472397917707015
0.003472397917707015
0.003470151758131763
0.003470151758131763
0.003470151758131763
0.003470151758131763
0.003469100043709368
0.003463805840032474
0.003463805840032474
0.003463805840032474
0.003463805840032474
0.0034625005180795553
0.0034585459400958587
0.0034585459400958587
0.0034585459400958587
0.0034585459400958587
0.0034585459400958587
0.0034585459400958587
0.0034585459400958587
0.0034585459400958587
0.0034585459400958587
0.0034585459400958587
0.0034585459400958587
0.003458338293148759
0.0034583306933610326
0.0034583306933610326
0.0034583306933610326
0.00345832729268224
0.003457432324556445
0.003457432324556445
0.003457432324556445
0.003457432324556445
0.0034558278159759607
0.0034558278159759607
0.0034558278159759607
0.0034558098182367204
0.0034551252366610778
0.0034551252366610778
0.0034551252366610778
0.0034551252366610778
0.0034551000566931294
0.0034548628419843546
0.0034548628419843546
0.003454718347068589
0.0034542862107558464
0.0034542862107558464
0.0034542862107558464
0.0034542862107558464
0.0034542862107558464
0.0034541864390696185
0.0034541704700940274
0.0034541704700940274
0.0034541704700940274
0.0034536193029335153
0.0034536193029335153
0.0034536193029335153
0.0034536193029335153
0.0034536155167211465
0.003453513277340757
0.003453513277340757
0.0034530946111256933
0.0034530946111256933
0.0034530946111256933
0.0034530946111256933
0.0034530946111256933
0.003452998400778213
0.003452998400778213
0.003452998400778213
0.003452970895961983
0.0034528021097612297
0.0034527290461225184
0.0034525526500764564
0.0034525526500764564
0.0034525387626740903
0.0034525387626740903
0.003452477530447917
0.003452477530447917
0.003452477530447917
0.0034524634750044453
0.0034524623971953993
0.0034518832996058395
0.0034518832996058395
0.0034518832996058395
0.0034518832996058395
0.0034518832996058395
0.0034518832996058395
0.0034518832989740844
0.0034518832989740844
0.0034518832989740844
0.0034518692535765562
0.0034518692535765562
0.003451868225415087
0.003451868225415087
0.0034516651069252803
0.0034516651069252803
0.0034516651069252803
0.0034516651069252803
0.0034514311171816164
0.0034514311171816164
0.0034514311171816164
0.0034514311171816164
0.0034514311171816164
0.0034514311171816164
0.003451431108345678
0.003451423527466596
0.003451423527466596
0.003451423527466596
0.003451423527466596
0.003451423527466596
0.0034512495547344355
0.0034512495547344355
0.0034512495547344355
0.0034512495547344355
0.0034512495547344355
0.003451249540501959
0.003451249540501959
0.0034511930289361278
0.0034511930289361278
0.0034511930289361278
0.0034511930289361278
0.003451028643971393
0.0034510240429716675
0.0034510073033959636
0.003450755070566766
0.003450743415356639
0.003450743415356639
0.003450743415356639
0.003450743415356639
0.003450743415356639
0.003450743415356639
0.003450743415356639
0.003450743415356639
0.003450743415356639
0.0034507388492172344
0.0034506076574066565
0.0034506076574066565
0.0034506076574066565
0.003450588694882703
0.003450588694882703
0.0034505768292438324
0.0034505768292438324
0.0034505768292438324
0.0034505768292438324
0.0034505768292438324
0.0034505768292438324
0.003450576694502679
0.003450576694502679
0.003450566220407655
0.0034505048542528252
0.003450396853883663
0.003450396853883663
0.0034503843898923687
0.0034503843896870764
0.0034503843896870764
0.0034503843896870764
0.0034503843896870764
0.0034503843896870764
0.0034503843896870764
0.0034503843896870764
0.0034503843896870764
0.0034503843896870764
0.0034503790844937782
0.0034503790844937782
0.0034503790844937782
0.0034503790844937782
0.0034503540916690978
0.0034503540916690978
0.0034503540916690978
0.0034503540916690978
0.0034503540916690978
0.0034503540916690978
0.0034503540916690978
0.0034503540916690978
0.0034503540916690978
0.0034503540916690978
0.0034503531392045656
0.0034503531392045656
0.0034503531392045656
0.003450347755851487
0.003450345242910812
0.003450345242910812
0.0034503434876828375
0.0034503434876828375
0.0034503434876828375
0.0034503434876828375
0.0034503434876828375
0.0034503414825684223
0.003450334328311636
0.0034503162721500223
0.0034503162721500223
0.0034503162721500223
0.0034503160205930214
0.0034503160205930214
0.0034503160205930214
0.003450312581358221
0.003450312581358221
0.003450312581358221
0.0034503104150406545
0.0034503104150406545
0.0034503046878078016
0.0034503046878078016
0.0034503046749251665
0.0034503046749251665
0.0034503046741527666
0.0034503046741527666
0.0034503004620654995
0.0034502993365516637
0.003450298588370214
0.003450298588370214
NumberOfPoint 
786
0 150
0.9 150.44
0.93 149.44
1.4 148.56
1.72 149.5
2.47 150.17
3.4 150.53
4.2 149.93
4.67 150.81
5.6 151.17
6.55 150.87
6.91 149.94
7.9 149.82
8.46 148.99
9.22 148.34
9.39 147.36
9.55 148.34
10.08 149.19
11.05 149.46
11.98 149.12
12.83 148.59
13.65 148.01
14.44 147.4
15.25 146.82
16.13 146.33
17.03 145.89
17.88 145.37
18.61 144.69
19.19 143.87
19.63 142.97
19.99 142.04
20.34 141.11
20.74 140.19
21.27 139.34
22 138.65
22.9 138.23
23.88 138.02
24.87 137.9
25.85 137.71
26.79 137.37
27.72 137.76
28.33 138.55
29.05 139.24
29.96 139.66
30.95 139.77
31.94 139.66
32.91 139.4
33.85 139.05
34.76 138.64
35.66 138.2
36.54 137.74
37.41 137.24
38.27 136.73
39.1 136.17
39.91 135.58
40.68 134.94
41.68 135.01
42.37 135.73
43.29 136.13
44.29 136.05
45.24 135.75
46.19 135.45
47.17 135.26
48.17 135.21
49.17 135.28
50.16 135.4
51.16 135.5
52.16 135.54
53.16 135.49
54.15 135.35
55.12 135.12
56.07 134.81
57.01 134.46
57.94 134.09
58.86 133.71
59.79 133.34
60.73 133.01
61.69 132.7
62.65 132.42
63.61 132.17
64.59 131.94
65.56 131.72
66.55 131.54
67.53 131.37
68.35 131.95
69.16 132.54
70.09 132.89
71.08 133.05
72.08 133.08
73.02 132.73
73.82 132.14
74.55 131.46
75.27 130.76
76 130.07
76.75 129.41
77.52 128.77
78.31 128.16
79.13 127.59
79.97 127.05
80.83 126.54
81.72 126.08
82.63 125.65
83.55 125.28
84.5 124.95
85.46 124.68
86.44 124.47
87.42 124.31
88.42 124.22
89.42 124.19
90.42 124.22
91.41 124.33
92.4 124.5
93.37 124.74
94.32 125.04
95.25 125.4
96.16 125.83
97.04 126.31
97.89 126.83
98.71 127.4
99.5 128.02
100.26 128.66
101 129.34
101.71 130.04
102.4 130.77
103.07 131.51
103.73 132.26
104.37 133.02
105.01 133.79
105.65 134.56
106.29 135.33
106.94 136.09
107.6 136.84
108.28 137.58
108.98 138.3
109.69 138.99
110.43 139.67
111.18 140.33
111.94 140.97
112.72 141.6
113.52 142.21
114.31 142.81
115.12 143.41
115.93 143.99
116.74 144.58
117.55 145.16
118.37 145.74
119.17 146.33
119.98 146.92
120.78 147.52
121.58 148.12
122.38 148.73
123.16 149.35
123.95 149.97
124.72 150.6
125.49 151.25
126.23 151.92
126.96 152.59
127.7 153.27
128.42 153.96
129.14 154.65
129.85 155.36
130.54 156.08
131.22 156.82
131.89 157.56
132.54 158.32
133.19 159.08
133.84 159.84
134.48 160.61
135.13 161.37
135.78 162.13
136.44 162.88
137.11 163.62
137.8 164.35
138.49 165.07
139.2 165.78
139.91 166.47
140.64 167.16
141.38 167.84
142.12 168.5
142.87 169.17
143.63 169.82
144.38 170.47
145.14 171.13
145.89 171.79
146.64 172.46
147.37 173.13
148.1 173.82
148.81 174.52
149.51 175.24
150.19 175.97
150.86 176.71
151.52 177.47
152.16 178.23
152.79 179.01
153.41 179.79
154.03 180.58
154.63 181.38
155.23 182.18
155.83 182.98
156.42 183.78
157.02 184.59
157.61 185.39
158.2 186.2
158.8 187
159.4 187.8
160 188.6
160.6 189.4
161.21 190.19
161.82 190.99
162.44 191.77
163.05 192.56
163.68 193.34
164.3 194.12
164.93 194.9
165.57 195.67
166.21 196.44
166.85 197.21
167.49 197.98
168.14 198.74
168.67 199.59
169.29 200.36
169.95 201.12
170.61 201.87
171.28 202.61
171.95 203.36
172.62 204.1
173.28 204.84
173.95 205.59
174.62 206.33
175.3 207.07
175.97 207.81
176.64 208.55
177.31 209.3
177.98 210.04
178.65 210.78
179.32 211.52
179.99 212.26
180.66 213.01
181.33 213.75
182 214.49
182.66 215.24
183.33 215.98
184 216.73
184.67 217.47
185.33 218.22
186 218.97
186.66 219.71
187.32 220.47
187.96 221.23
188.6 222
189.21 222.79
189.79 223.61
190.35 224.44
190.88 225.28
191.42 226.13
191.96 226.97
192.51 227.81
193.07 228.63
193.66 229.44
194.26 230.24
194.87 231.03
195.49 231.81
196.12 232.59
196.75 233.37
197.37 234.15
197.98 234.95
198.57 235.76
199.12 236.59
199.66 237.43
200.16 238.3
200.91 238.96
201.51 239.76
202.08 240.58
202.62 241.42
203.15 242.27
203.65 243.14
204.13 244.01
204.59 244.9
205.04 245.8
205.47 246.7
205.88 247.61
206.29 248.52
206.7 249.43
207.1 250.35
207.5 251.27
207.9 252.19
208.3 253.1
208.71 254.01
209.12 254.93
209.54 255.83
209.96 256.74
210.4 257.64
210.84 258.53
211.3 259.42
211.78 260.3
212.27 261.17
212.76 262.04
213.27 262.9
213.79 263.76
214.33 264.6
214.88 265.44
215.44 266.26
216.02 267.08
216.62 267.88
217.23 268.67
217.86 269.45
218.49 270.23
219.14 270.98
219.75 271.77
220.33 272.59
220.92 273.4
221.55 274.18
222.21 274.93
222.91 275.64
223.64 276.32
224.4 276.98
225.09 277.7
225.74 278.46
226.4 279.2
227.12 279.9
227.89 280.54
228.7 281.13
229.54 281.67
230.4 282.18
231.27 282.67
232.16 283.14
233.05 283.59
233.94 284.04
234.84 284.47
235.74 284.9
236.65 285.33
237.56 285.75
238.46 286.17
239.37 286.6
240.27 287.02
241.18 287.45
242.08 287.88
242.98 288.31
243.88 288.75
244.77 289.2
245.63 289.72
246.5 290.2
247.38 290.69
248.26 291.17
249.13 291.65
250.01 292.13
250.88 292.62
251.76 293.11
252.63 293.6
253.49 294.1
254.36 294.6
255.22 295.11
256.08 295.62
256.94 296.12
257.8 296.63
258.67 297.13
259.54 297.63
260.41 298.12
261.29 298.6
262.17 299.07
263.06 299.53
263.95 299.98
264.85 300.42
265.81 300.68
266.72 301.09
267.61 301.56
268.49 302.03
269.37 302.5
270.25 302.98
271.14 303.44
272.03 303.9
272.92 304.35
273.82 304.78
274.73 305.19
275.66 305.58
276.59 305.94
277.53 306.26
278.49 306.55
279.46 306.8
280.44 307.01
281.43 307.17
282.42 307.28
283.42 307.35
284.42 307.37
285.42 307.4
286.42 307.42
287.42 307.41
288.41 307.37
289.41 307.29
290.4 307.17
291.39 307.02
292.37 306.83
293.35 306.6
294.31 306.34
295.27 306.05
296.22 305.72
297.15 305.37
298.08 305
299 304.61
299.92 304.21
300.83 303.8
301.73 303.37
302.62 302.91
303.5 302.43
304.36 301.93
305.21 301.4
306.05 300.85
306.87 300.28
307.68 299.69
308.47 299.09
309.26 298.46
310.03 297.83
310.79 297.18
311.54 296.51
312.28 295.85
313.02 295.17
313.75 294.49
314.47 293.8
315.2 293.11
315.92 292.42
316.64 291.73
317.36 291.03
318.09 290.34
318.81 289.65
319.54 288.97
320.27 288.28
321 287.6
321.73 286.92
322.47 286.24
323.2 285.57
323.94 284.89
324.68 284.22
325.43 283.55
326.17 282.89
326.92 282.23
327.67 281.56
328.43 280.91
329.18 280.25
329.94 279.6
330.7 278.95
331.47 278.31
332.24 277.67
333 277.03
333.78 276.39
334.55 275.76
335.33 275.13
336.11 274.51
336.89 273.89
337.68 273.27
338.47 272.65
339.26 272.04
340.06 271.44
340.85 270.83
341.65 270.23
342.45 269.63
343.25 269.03
344.06 268.44
344.87 267.85
345.68 267.28
346.5 266.7
347.33 266.13
348.15 265.57
348.98 265.02
349.82 264.46
350.66 263.92
351.5 263.38
352.34 262.84
353.19 262.32
354.05 261.8
354.91 261.28
355.77 260.78
356.64 260.28
357.51 259.79
358.38 259.3
359.26 258.83
360.14 258.36
361.03 257.89
361.92 257.44
362.81 256.99
363.71 256.55
364.62 256.12
365.52 255.7
366.43 255.29
367.35 254.88
368.27 254.49
369.19 254.1
370.11 253.73
371.04 253.36
371.98 253
372.91 252.65
373.86 252.31
374.8 251.98
375.75 251.66
376.7 251.35
377.65 251.05
378.61 250.76
379.57 250.49
380.53 250.22
381.5 249.97
382.47 249.72
383.44 249.49
384.42 249.27
385.4 249.06
386.38 248.86
387.36 248.68
388.35 248.51
389.33 248.35
390.32 248.2
391.31 248.07
392.31 247.94
393.3 247.83
394.3 247.74
395.29 247.65
396.29 247.58
397.29 247.53
398.29 247.48
399.29 247.45
400.29 247.44
401.29 247.43
402.29 247.44
403.29 247.46
404.29 247.5
405.28 247.55
406.28 247.61
407.28 247.69
408.28 247.77
409.27 247.87
410.26 247.99
411.26 248.11
412.25 248.25
413.24 248.4
414.22 248.56
415.21 248.73
416.19 248.92
417.17 249.12
418.15 249.33
419.12 249.55
420.1 249.78
421.07 250.02
422.03 250.27
423 250.54
423.96 250.81
424.92 251.09
425.87 251.39
426.83 251.69
427.78 252.01
428.72 252.33
429.66 252.67
430.6 253.01
431.54 253.37
432.47 253.73
433.4 254.1
434.32 254.49
435.24 254.88
436.16 255.28
437.07 255.69
437.98 256.11
438.88 256.54
439.83 256.23
440.83 256.35
441.77 256.67
442.7 257.06
443.61 257.46
444.53 257.86
445.43 258.28
446.34 258.71
447.24 259.15
448.13 259.59
449.02 260.05
449.91 260.51
450.79 260.98
451.67 261.47
452.53 261.97
453.37 262.52
454.16 263.13
454.89 263.81
455.55 264.56
456.14 265.37
456.66 266.22
457.12 267.11
457.54 268.02
457.93 268.94
458.31 269.86
458.7 270.79
459.11 271.7
459.58 272.58
460.12 273.42
460.76 274.19
461.49 274.87
462.3 275.46
463.16 275.96
464.06 276.4
464.81 277.06
465.71 277.49
466.64 277.86
467.56 278.27
468.44 278.74
469.27 279.3
470.06 279.91
470.81 280.57
471.52 281.27
472.19 282.02
472.81 282.8
473.38 283.62
473.92 284.47
474.43 285.33
474.95 286.18
475.49 287.02
476.07 287.84
476.69 288.62
477.38 289.34
478.22 289.9
479.19 290.12
480.17 289.91
481.11 289.58
482.11 289.68
483.04 290.03
484.04 290.14
485.03 290.05
485.79 289.39
486.71 289.01
487.51 289.61
488.25 290.28
488.7 291.17
489.69 291.32
490.36 292.06
490.97 292.85
491.55 293.66
491.96 294.58
492.42 295.46
492.46 296.46
492.64 297.44
493.44 298.04
493.76 298.99
493.96 299.97
494.54 300.79
494.56 301.79
495.18 302.57
495.44 303.54
495.54 304.53
495.72 305.51
496.25 306.37
496.27 307.37
496.42 308.35
496.76 309.29
496.84 310.29
496.99 311.28
496.99 312.28
497.2 313.26
497.35 314.25
497.49 315.24
497.55 316.24
497.59 317.23
497.74 318.22
497.95 319.2
498.31 320.14
498.37 321.13
498.46 322.13
498.46 323.13
498.46 324.13
498.46 325.13
498.57 326.12
498.94 327.06
498.99 328.05
499.04 329.05
499.1 330.05
499.13 331.05
499.14 332.05
499.14 333.05
499.14 334.05
499.14 335.05
499.15 336.05
499.43 337.01
499.46 338.01
499.46 339.01
499.51 340.01
499.51 341.01
499.54 342.01
499.57 343.01
499.57 344.01
499.58 345.01
499.64 346
499.68 347
499.68 348
499.68 349
499.68 350
499.71 351
499.72 352
499.77 353
499.77 354
499.79 355
499.81 356
499.82 357
499.84 358
499.84 359
499.84 360
499.85 361
499.86 362
499.87 363
499.88 364
499.89 365
499.9 366
499.91 367
499.92 368
499.93 369
499.94 370
499.94 371
499.96 372
499.96 373
499.96 374
499.97 375
499.98 376
499.98 377
499.98 378
499.98 379
499.99 380
499.99 381
499.99 382
499.99 383
499.99 384
500 385
500 386
500 387
500 388
500 389
500 390
500 391
500 392
500 393
500 394
500 395
500 396
500 397
500 398
500 399
500 400
500 401
500 402
500 403
500 404
500 405
500 406
500 407
500 408
500 409
500 410
500 411
500 412
500 413
500 414
500 415
500 416
500 417
500 418
500 419
500 420
500 421
500 422
500 423
500 424
500 425
500 426
500 427
500 428
500 429
500 430
500 431
500 432
500 433
500 434
500 435
500 436
500 437
500 438
500 439
500 440
500 441
500 442
500 443
500 444
500 445
500 446
500 447
500 448
500 449
500 450
Value
0.003450298588370214