Convergence
0.08788183408048052
0.039589673307287354
0.0018864477806235665
9.283820694988097E-4
5.18330308370646E-4
5.18330308370646E-4
5.070627306393715E-4
5.070627306393715E-4
4.345152989159433E-4
4.1474035303649303E-4
4.1474035303649303E-4
4.1474035303649303E-4
2.570276465914951E-4
2.570276465914951E-4
2.570276465914951E-4
2.570276465914951E-4
2.1065333989854265E-4
2.1065333989854265E-4
2.1065333989854265E-4
2.0884114888737774E-4
1.8663030959098977E-4
1.8193902329204055E-4
1.8193902329204055E-4
1.7975764016788326E-4
1.6010492757296274E-4
1.5648244474048573E-4
1.5648244474048573E-4
1.5594749523304292E-4
1.5594749523304292E-4
1.534587403723649E-4
1.5113846943344818E-4
1.5078203334522813E-4
1.4534072625176065E-4
1.4512750677511823E-4
1.4512750677511823E-4
1.4435853033675048E-4
1.4435853033675048E-4
1.4144623614788333E-4
1.4144623614788333E-4
1.4144623614788333E-4
1.4144623614788333E-4
1.4095935553062048E-4
1.4095935553062048E-4
1.397756906902174E-4
1.397756906902174E-4
1.397756906902174E-4
1.397756906902174E-4
1.3970890782656042E-4
1.3962355265300218E-4
1.3952839816186398E-4
1.3921351484906826E-4
1.39057740456355E-4
1.3888083139906943E-4
1.3888083139906943E-4
1.3876001153589234E-4
1.387511567292885E-4
1.387511567292885E-4
1.3867191564630193E-4
1.3867191564630193E-4
1.3806726757096E-4
1.3806726757096E-4
1.3806726757096E-4
1.3806726757096E-4
1.3806726757096E-4
1.3806726757096E-4
1.380562508884608E-4
1.380562508884608E-4
1.380562508884608E-4
1.380562508884608E-4
1.3798242436495519E-4
1.3798242436495519E-4
1.3790238786725152E-4
1.3786105018782316E-4
1.3786105018782316E-4
1.3786105018782316E-4
1.3786105018782316E-4
1.3786105018782316E-4
1.3786105018782316E-4
1.378546783703652E-4
1.378546783703652E-4
1.378546783703652E-4
1.378546783703652E-4
1.378546783703652E-4
1.378546783703652E-4
1.378546783703652E-4
1.378546783703652E-4
1.378546783703652E-4
1.378494363367081E-4
1.378494363367081E-4
1.378494363367081E-4
1.378494363367081E-4
1.3784555440604082E-4
1.3784555440604082E-4
1.3784555440604082E-4
1.3784555440604082E-4
1.3784555440604082E-4
1.3784555440604082E-4
1.3784555440604082E-4
1.3784555440604082E-4
1.3784555440604082E-4
1.3784555440604082E-4
1.3784555440604082E-4
1.3784555440604082E-4
1.3784555440604082E-4
1.3784555440604082E-4
1.3784555440604082E-4
1.3784555440604082E-4
1.3784555440604082E-4
1.3784555440604082E-4
1.3784555440604082E-4
1.3784555440604082E-4
1.3784555440604082E-4
1.3784555440604082E-4
1.3784555440604082E-4
1.3784555440604082E-4
1.3784555440604082E-4
1.3784555440604082E-4
1.3784555440604082E-4
1.3784555440604082E-4
1.378383926189545E-4
1.378383926189545E-4
1.378383926189545E-4
1.378381193610035E-4
1.378300438479761E-4
1.3782534435061793E-4
1.3782534435061793E-4
1.3782534435061793E-4
1.3782534435061793E-4
1.378251085919989E-4
1.378251085919989E-4
1.378251085919989E-4
1.378251085919989E-4
1.378251085919989E-4
1.378251085919989E-4
1.378251085919989E-4
1.378251085919989E-4
1.378251085919989E-4
1.378251085919989E-4
1.378251085919989E-4
1.378251085919989E-4
1.378250528073586E-4
1.378250528073586E-4
1.378250528073586E-4
1.3782505272309266E-4
1.3782505272309266E-4
1.3782505272309266E-4
1.3782505272309266E-4
1.378250527207612E-4
1.3782474869891633E-4
1.3782472555074043E-4
1.3782472555074043E-4
1.3782261272176423E-4
1.3782261272176423E-4
1.3782261272176423E-4
1.3782261272176423E-4
1.378180525519165E-4
1.378180525519165E-4
1.378180525519165E-4
1.378180525519165E-4
1.378180525519165E-4
1.378180525519165E-4
1.378180525519165E-4
1.378180525519165E-4
1.378180525519165E-4
1.378180525519165E-4
1.378180525519165E-4
1.378180525519165E-4
1.378177480741557E-4
1.378177480741557E-4
1.378177480741557E-4
1.3781741564951707E-4
1.3781741564951707E-4
1.3781741564951707E-4
1.3781739273482124E-4
1.3781739273482124E-4
1.3781739273482124E-4
1.3781702589605937E-4
1.3781702589605937E-4
1.3781702589605937E-4
1.3781702588484612E-4
1.3781702588484612E-4
1.3781702588484612E-4
1.3781702588484612E-4
1.3781702588484612E-4
1.3781702588484612E-4
1.3781702588484612E-4
1.3781702588484612E-4
1.3781702588484612E-4
1.3781677176979095E-4
1.3781677176979095E-4
1.3781677176979095E-4
1.3781677176979095E-4
1.3781677176979095E-4
1.3781677176979095E-4
1.3781677176979095E-4
1.3781677176979095E-4
1.3781677176979095E-4
1.3781677176979095E-4
1.3781677132203757E-4
1.3781677132203757E-4
1.3781677132203757E-4
1.3781677132203757E-4
1.3781677132203757E-4
1.3781677132203757E-4
1.3781677132203757E-4
1.3781673741388966E-4
1.3781673741388966E-4
1.3781673741388966E-4
1.3781673741388966E-4
1.3781673741388966E-4
1.3781673741388966E-4
1.3781673741388966E-4
1.3781673741388966E-4
1.3781673741388966E-4
1.3781673741388966E-4
1.3781673741388966E-4
1.3781673741388966E-4
1.3781673741388966E-4
1.3781673741388966E-4
1.3781673741388966E-4
1.3781673741388966E-4
1.3781673741388966E-4
1.3781673741388966E-4
1.3781673741388966E-4
1.3781673741388966E-4
1.3781673741388966E-4
1.3781673741388966E-4
1.3781673741388966E-4
1.3781673741388966E-4
1.3781673741388966E-4
1.3781673741388966E-4
1.3781673741388966E-4
1.3781673741388966E-4
1.3781673741388966E-4
1.3781673741388966E-4
1.3781673741388966E-4
1.3781673741388966E-4
1.3781673741388966E-4
1.3781673741388966E-4
1.378167363334542E-4
1.3781673629515513E-4
1.3781673270568594E-4
1.3781673004925314E-4
1.3781672917184332E-4
1.3781672917184332E-4
1.378167285879764E-4
1.378167285879764E-4
1.378167285879764E-4
1.378167285879764E-4
1.378167285879764E-4
1.378167285879764E-4
1.378167285879764E-4
1.3781672848616887E-4
1.3781672848616887E-4
1.3781672848616887E-4
1.3781672848616887E-4
1.3781672848616887E-4
1.3781672848616887E-4
1.3781672848616887E-4
1.3781672848616887E-4
1.3781672848616887E-4
1.3781672848616887E-4
1.3781672848616887E-4
1.3781672847051473E-4
1.378167284610778E-4
1.3781672844331424E-4
1.3781672844331424E-4
1.3781672844331424E-4
1.3781672844331424E-4
1.3781672844331424E-4
1.378167283749245E-4
1.378167283749245E-4
1.378167283749245E-4
1.3781672835938135E-4
1.3781672835938135E-4
1.3781672835938135E-4
1.3781672835938135E-4
1.3781672835938135E-4
1.3781672835938135E-4
1.3781672835938135E-4
1.3781672835938135E-4
1.3781672835938135E-4
1.3781672835938135E-4
1.3781672835938135E-4
1.3781672835738295E-4
1.3781672835527352E-4
1.3781672835527352E-4
1.3781672835527352E-4
1.3781672835527352E-4
1.3781672835527352E-4
1.3781672835527352E-4
1.3781672835527352E-4
1.3781672834927832E-4
1.3781672834927832E-4
1.3781672834927832E-4
1.3781672834927832E-4
1.3781672834927832E-4
1.3781672834927832E-4
1.3781672834927832E-4
1.3781672834927832E-4
1.3781672834927832E-4
NumberOfPoint 
756
0 450
0,93 450,36
1,87 450,72
2,8 451,08
3,73 451,44
4,66 451,8
5,37 451,1
6,08 450,39
6,78 449,68
7,49 448,97
8,19 448,27
8,19 449,27
8,19 450,27
8,19 451,27
8,19 452,27
8,19 453,27
9,18 453,44
10,17 453,61
11,15 453,78
12,14 453,95
13,12 454,12
14,12 454,1
15,12 454,08
16,12 454,06
17,12 454,04
18,12 454,02
19,07 454,34
20,02 454,65
20,97 454,97
21,92 455,28
22,87 455,6
23,61 456,26
24,36 456,93
25,11 457,59
25,86 458,25
26,6 458,92
27,46 459,43
28,32 459,95
29,17 460,46
30,03 460,98
30,89 461,49
31,61 462,18
32,34 462,87
33,06 463,56
33,79 464,25
34,51 464,94
35,16 465,7
35,82 466,46
36,47 467,21
37,12 467,97
37,77 468,73
38,54 469,37
39,31 470,01
40,08 470,65
40,84 471,29
41,61 471,93
42,38 472,57
43,16 473,2
43,93 473,84
44,7 474,47
45,48 475,1
46,26 475,73
47,04 476,35
47,82 476,98
48,6 477,6
49,39 478,22
50,14 478,88
50,89 479,54
51,64 480,2
52,39 480,86
53,15 481,52
53,93 482,14
54,71 482,76
55,49 483,38
56,28 484,01
57,06 484,63
57,95 485,08
58,85 485,53
59,74 485,98
60,64 486,42
61,53 486,87
62,4 487,36
63,28 487,84
64,15 488,33
65,03 488,81
65,9 489,29
66,82 489,7
67,73 490,11
68,64 490,51
69,56 490,92
70,47 491,33
71,34 491,82
72,21 492,32
73,08 492,82
73,94 493,31
74,81 493,81
75,79 494,04
76,76 494,27
77,73 494,5
78,7 494,73
79,68 494,96
80,63 495,27
81,58 495,58
82,53 495,9
83,48 496,21
84,43 496,52
85,4 496,74
86,38 496,96
87,35 497,18
88,33 497,4
89,31 497,62
90,29 497,48
91,28 497,34
92,27 497,2
93,26 497,06
94,25 496,91
95,25 496,82
96,25 496,73
97,24 496,64
98,24 496,55
99,23 496,46
100,23 496,37
101,23 496,28
102,22 496,19
103,22 496,09
104,21 496
105,21 495,89
106,2 495,77
107,19 495,66
108,19 495,55
109,18 495,43
110,17 495,27
111,15 495,11
112,14 494,96
113,13 494,8
114,12 494,64
115,11 494,52
116,1 494,39
117,09 494,27
118,09 494,15
119,08 494,03
120,07 493,92
121,07 493,8
122,06 493,68
123,05 493,57
124,05 493,45
125,04 493,33
126,03 493,21
127,02 493,1
128,02 492,98
129,01 492,86
130,01 492,84
131,01 492,82
132,01 492,8
133,01 492,78
134,01 492,76
135,01 492,78
136,01 492,8
137,01 492,83
138,01 492,85
139,01 492,87
140,01 492,95
141 493,02
142 493,09
143 493,17
144 493,24
144,99 493,21
145,99 493,17
146,99 493,14
147,99 493,1
148,99 493,07
149,99 492,98
150,98 492,88
151,98 492,79
152,97 492,69
153,97 492,6
154,96 492,44
155,94 492,28
156,93 492,11
157,92 491,95
158,9 491,79
159,87 491,54
160,84 491,29
161,81 491,04
162,78 490,8
163,75 490,55
164,72 490,31
165,69 490,06
166,66 489,82
167,63 489,57
168,6 489,33
169,59 489,21
170,58 489,08
171,57 488,96
172,57 488,84
173,56 488,71
174,56 488,67
175,56 488,63
176,56 488,59
177,56 488,55
178,55 488,5
179,55 488,54
180,55 488,58
181,55 488,61
182,55 488,65
183,55 488,68
184,55 488,77
185,54 488,86
186,54 488,95
187,54 489,04
188,53 489,12
189,45 488,73
190,37 488,34
191,29 487,95
192,22 487,57
193,14 487,18
194,02 487,65
194,9 488,12
195,78 488,59
196,66 489,07
197,54 489,54
198,28 488,87
199,02 488,2
199,76 487,52
200,5 486,85
201,24 486,18
201,71 485,3
202,18 484,41
202,65 483,53
203,12 482,65
203,59 481,77
203,99 480,85
204,38 479,93
204,77 479,01
205,16 478,09
205,55 477,17
205,92 476,23
206,28 475,3
206,64 474,37
207 473,44
207,36 472,5
207,58 471,53
207,8 470,55
208,02 469,58
208,24 468,6
208,46 467,63
208,64 466,64
208,83 465,66
209,01 464,68
209,19 463,69
209,38 462,71
209,54 461,72
209,71 460,74
209,87 459,75
210,04 458,77
210,2 457,78
210,35 456,79
210,49 455,8
210,64 454,81
210,79 453,82
210,94 452,83
211,08 451,84
211,22 450,85
211,36 449,86
211,5 448,87
211,64 447,88
211,79 446,89
211,94 445,91
212,09 444,92
212,24 443,93
212,39 442,94
212,56 441,95
212,73 440,97
212,9 439,98
213,07 439
213,24 438,01
213,44 437,03
213,64 436,05
213,83 435,07
214,03 434,09
214,22 433,11
214,46 432,14
214,69 431,17
214,93 430,19
215,16 429,22
215,4 428,25
215,56 427,26
215,73 426,28
215,89 425,29
216,06 424,3
216,22 423,32
216,38 422,33
216,54 421,34
216,7 420,36
216,86 419,37
217,02 418,38
217,24 417,41
217,46 416,43
217,68 415,45
217,89 414,48
218,11 413,5
218,4 412,55
218,69 411,59
218,98 410,63
219,27 409,67
219,56 408,72
219,93 407,79
220,31 406,86
220,68 405,94
221,06 405,01
221,43 404,08
221,87 403,18
222,32 402,29
222,76 401,39
223,2 400,49
223,64 399,59
224,15 398,73
224,66 397,87
225,16 397,01
225,67 396,15
226,18 395,29
226,75 394,47
227,32 393,64
227,89 392,82
228,46 392
229,03 391,18
229,64 390,39
230,25 389,6
230,87 388,81
231,48 388,02
232,1 387,23
232,76 386,48
233,42 385,73
234,08 384,98
234,74 384,22
235,4 383,47
236,08 382,75
236,77 382,02
237,46 381,3
238,15 380,57
238,84 379,85
239,55 379,15
240,27 378,45
240,98 377,75
241,7 377,05
242,42 376,36
243,16 375,68
243,9 375,01
244,64 374,34
245,38 373,66
246,12 372,99
246,87 372,34
247,63 371,69
248,39 371,03
249,15 370,38
249,91 369,73
250,67 369,09
251,44 368,45
252,21 367,81
252,98 367,17
253,75 366,53
254,52 365,9
255,3 365,27
256,07 364,63
256,85 364
257,62 363,37
258,39 362,73
259,17 362,1
259,94 361,47
260,72 360,84
261,49 360,2
262,26 359,57
263,04 358,93
263,81 358,3
264,58 357,66
265,35 357,02
266,13 356,39
266,9 355,76
267,67 355,13
268,45 354,49
269,22 353,86
269,99 353,22
270,76 352,58
271,53 351,94
272,3 351,3
273,07 350,67
273,83 350,02
274,59 349,37
275,35 348,72
276,11 348,07
276,87 347,42
277,62 346,76
278,38 346,1
279,13 345,44
279,88 344,78
280,63 344,12
281,37 343,45
282,12 342,78
282,86 342,11
283,6 341,45
284,35 340,78
285,09 340,1
285,83 339,43
286,57 338,76
287,31 338,08
288,04 337,41
288,78 336,73
289,52 336,06
290,25 335,38
290,99 334,7
291,72 334,03
292,46 333,35
293,2 332,67
293,93 331,99
294,67 331,32
295,4 330,64
296,14 329,96
296,88 329,29
297,62 328,61
298,35 327,94
299,09 327,26
299,83 326,6
300,58 325,93
301,32 325,26
302,06 324,59
302,81 323,92
303,53 323,23
304,26 322,55
304,99 321,86
305,72 321,17
306,44 320,49
307,19 319,82
307,93 319,15
308,68 318,49
309,43 317,82
310,17 317,16
310,93 316,51
311,69 315,85
312,45 315,2
313,21 314,55
313,97 313,9
314,74 313,27
315,52 312,64
316,3 312,01
317,07 311,38
317,85 310,75
318,64 310,14
319,43 309,53
320,23 308,92
321,02 308,32
321,82 307,71
322,63 307,13
323,45 306,55
324,26 305,97
325,08 305,39
325,89 304,81
326,73 304,26
327,56 303,71
328,4 303,16
329,23 302,61
330,07 302,06
330,92 301,54
331,77 301,01
332,63 300,49
333,48 299,97
334,33 299,45
335,2 298,95
336,07 298,46
336,94 297,96
337,81 297,47
338,68 296,97
339,56 296,5
340,44 296,03
341,32 295,55
342,2 295,08
343,08 294,61
343,97 294,15
344,86 293,7
345,75 293,24
346,64 292,79
347,53 292,33
348,43 291,89
349,32 291,44
350,22 291
351,12 290,55
352,01 290,11
352,92 289,69
353,82 289,26
354,73 288,84
355,64 288,42
356,54 287,99
357,45 287,58
358,36 287,16
359,27 286,75
360,18 286,33
361,09 285,92
362 285,51
362,91 285,09
363,82 284,68
364,73 284,27
365,65 283,85
366,56 283,44
367,47 283,03
368,38 282,62
369,29 282,21
370,2 281,8
371,12 281,4
372,03 280,99
372,95 280,58
373,86 280,18
374,77 279,77
375,69 279,37
376,61 278,97
377,52 278,57
378,44 278,17
379,36 277,77
380,28 277,38
381,2 276,99
382,12 276,59
383,04 276,2
383,96 275,81
384,88 275,42
385,8 275,04
386,73 274,66
387,65 274,27
388,57 273,89
389,5 273,51
390,42 273,14
391,35 272,76
392,28 272,38
393,2 272
394,13 271,63
395,06 271,26
395,99 270,89
396,92 270,52
397,85 270,15
398,78 269,78
399,71 269,42
400,64 269,05
401,57 268,68
402,5 268,31
403,43 267,95
404,36 267,58
405,29 267,21
406,22 266,85
407,15 266,48
408,08 266,11
409,01 265,74
409,94 265,37
410,87 265
411,79 264,63
412,72 264,25
413,65 263,88
414,57 263,5
415,5 263,12
416,43 262,75
417,35 262,36
418,27 261,97
419,19 261,58
420,11 261,2
421,04 260,81
421,95 260,41
422,87 260
423,78 259,6
424,7 259,2
425,61 258,8
426,52 258,38
427,43 257,96
428,33 257,53
429,24 257,11
430,15 256,69
431,05 256,26
431,95 255,82
432,85 255,39
433,75 254,95
434,65 254,52
435,54 254,07
436,44 253,62
437,33 253,17
438,23 252,73
439,12 252,28
440 251,81
440,89 251,34
441,77 250,87
442,65 250,4
443,54 249,93
444,4 249,43
445,27 248,93
446,14 248,43
447 247,93
447,87 247,44
448,71 246,9
449,56 246,37
450,4 245,83
451,25 245,3
452,1 244,77
452,92 244,2
453,75 243,64
454,57 243,07
455,4 242,51
456,22 241,94
457,03 241,36
457,84 240,77
458,65 240,18
459,46 239,59
460,27 239
461,05 238,38
461,83 237,76
462,62 237,14
463,4 236,52
464,19 235,9
464,94 235,24
465,69 234,57
466,43 233,91
467,18 233,25
467,93 232,59
468,63 231,87
469,32 231,15
470,02 230,43
470,72 229,72
471,41 229
472,04 228,22
472,67 227,44
473,29 226,66
473,92 225,88
474,55 225,1
475,1 224,27
475,66 223,44
476,22 222,61
476,78 221,78
477,34 220,95
477,86 220,1
478,39 219,25
478,91 218,4
479,43 217,54
479,95 216,69
480,46 215,83
480,96 214,97
481,47 214,1
481,97 213,24
482,48 212,38
482,95 211,49
483,42 210,61
483,89 209,73
484,36 208,85
484,83 207,96
485,25 207,06
485,68 206,15
486,1 205,24
486,52 204,34
486,94 203,43
487,3 202,5
487,67 201,57
488,03 200,64
488,39 199,7
488,75 198,77
489,06 197,82
489,36 196,87
489,67 195,91
489,98 194,96
490,28 194,01
490,55 193,05
490,82 192,09
491,09 191,12
491,37 190,16
491,64 189,2
491,9 188,23
492,16 187,27
492,42 186,3
492,67 185,33
492,93 184,37
493,19 183,4
493,44 182,43
493,7 181,47
493,95 180,5
494,21 179,53
494,45 178,56
494,69 177,59
494,93 176,62
495,17 175,65
495,42 174,68
495,63 173,71
495,85 172,73
496,06 171,75
496,28 170,78
496,5 169,8
496,68 168,82
496,86 167,83
497,04 166,85
497,23 165,87
497,41 164,88
497,55 163,89
497,7 162,9
497,84 161,92
497,99 160,93
498,13 159,94
498,24 158,94
498,35 157,95
498,46 156,96
498,58 155,96
498,69 154,97
498,77 153,97
498,85 152,97
498,93 151,98
499,01 150,98
499,1 149,98
499,15 148,99
499,21 147,99
499,27 146,99
499,33 145,99
499,38 144,99
499,42 143,99
499,46 142,99
499,5 141,99
499,54 141
499,58 140
499,61 139
499,64 138
499,67 137
499,69 136
499,72 135
499,74 134
499,76 133
499,78 132
499,8 131
499,82 130
499,83 129
499,84 128
499,85 127
499,87 126
499,88 125
499,89 124
499,9 123
499,9 122
499,91 121
499,92 120
499,93 119
499,93 118
499,94 117
499,94 116
499,95 115
499,95 114
499,96 113
499,96 112
499,97 111
499,97 110
499,97 109
499,98 108
499,98 107
499,98 106
499,99 105
500 100
500,01 95
500,03 90
500,04 85
500 100
Value
6.876163797074753E-4