500 500
40 100
446.23 145.07
169.58 386.84
0.33 328.15
308.94 64.07
442.96 324.23
426.02 134.75
113.59 173.68
395.27 171.49
91.47 153.96
235.95 139.27
194.52 379.12
310.72 273.4
424.99 311.33
405.57 275.49
391.76 439.73
458.38 150.79
202.41 287.03
455.81 266.19
484.6 136.77
223.97 42.74
66.07 435.65
496.68 109.37
415.21 214.11
257.15 234.8
220.2 85.85
413.98 423.8
463.45 432.27
390.08 210.9
30.47 251.54
174.68 409.55
277.42 353.26
312.62 378.23
69.94 110.08
182.8 246.06
97.47 334.84
248.04 0.2
261.83 38.49
242.38 374.81
136.57 337.67
498.64 96.96
0