500 500
40 100
4.52 214.24
19.76 268.06
392.89 84.75
185.34 114.59
359.74 192.47
423.11 166.96
88.47 172.32
61.23 330.79
71.74 41.54
130.53 219.49
119.36 244.31
171.59 361.82
360.53 402.76
253.09 294.42
498.3 198.45
382.97 13.56
377.99 397.06
23.07 137.78
311.88 320.39
276.4 463.96
62.63 64.6
2.01 382.64
425.09 460.95
126.35 355.48
461.97 176.74
262.85 347.72
142.82 457.7
421.21 251.39
407.49 320.45
87.04 431.3
25.63 13.77
278.63 75.24
51.73 280.9
342.79 32.13
181.86 371.63
234.36 277.45
402.33 372.3
335.28 54.07
483.6 244.98
7.95 98.28
0