500 500
40 100
128.46 200.63
268.02 169.32
379.34 201.98
123.71 290.37
26.41 163.18
320.88 265.44
165.13 393.38
146.71 177.89
71.41 330.88
287.42 208
346.51 199.4
489.41 427.52
457.53 310.85
148.2 388.77
417.36 202.05
390.84 81.77
323.32 428.13
168.76 7.23
26.57 173.64
158.22 240.49
336.15 384.06
373.09 442.3
370.62 364.81
330.83 305.78
458.04 242.85
376.93 415.89
350.77 336.66
364.81 437.59
465.33 334.41
309.32 442.1
379.55 237.44
379.83 26.45
419.43 286.14
175.96 181.48
346.26 49.01
133.77 115.16
410.87 21.79
142.86 444.3
376.48 453.69
16.3 325.98
0