500 500
60 100
392.34 118.26
372.55 463.03
89.72 138.71
291.18 178.47
109.83 356.23
498.54 107.43
449.76 172.14
348.74 186.59
405.29 296.27
362.42 49.12
390.05 231.83
236.59 328.72
145.8 434.28
14.35 18.96
99.22 98.13
310.43 258.01
93.28 455.91
407.18 97.11
210.4 44.27
219.4 389.65
408.78 103.56
76.29 406.82
213.34 129.44
484.26 145.95
238.53 87.45
14.92 47.94
371.18 435.26
209.58 481.2
8.83 370.63
403.44 381.64
331.35 138.23
150.73 360.18
181.59 283.24
475.45 402.47
245.09 435.72
481.27 489.18
347.61 45.93
429.22 59.2
334.93 468.09
231.64 223.27
159.44 407.53
417.43 10.77
474.7 4.51
494.57 198.72
230.88 227.15
273.59 428.64
471.46 285.04
118.23 364.38
254.96 455.7
258.16 81.93
363.82 36.6
232.5 210.87
217.46 96.93
232.81 66.53
176.08 305.4
79.39 121.3
207.8 353.05
295.8 164.74
192.69 373.26
243.01 392.52
0