500 500
60 100
441.13 308.06
167.03 478.03
380.46 395.07
411.88 192.77
10.5 436.19
481.9 232.39
13.99 89.98
301.15 44.1
434.3 435.39
0.55 165.24
74.99 425.58
164.66 291.41
404.43 54.07
108.38 185.97
452.46 452.6
132.89 302.01
192.66 57.21
193.14 443.81
488.08 98.1
219.93 203.25
341.18 492.04
479.15 268.54
429.06 241.61
317.78 17.65
224.16 174.79
441.81 76.68
397.65 290.52
494.62 244.92
177.51 111.01
156.23 362.29
386.84 279.98
263.35 322.59
19.21 187.66
58.35 16.51
417.1 147.75
111.12 21.79
407.5 99.6
221.99 345.11
114 459.42
206.15 459.96
109.02 98.63
380.57 277.93
91.3 484.4
322.64 36.98
374.37 277.75
46.79 389.66
149.48 147.97
149.85 226.52
243.23 228.62
208.9 475.83
424.28 9.91
276.48 279.03
226.33 35.19
207.07 53.38
245.19 44.99
266.14 18.3
436.6 191.19
18.35 279.69
88.53 125.83
365.18 37.95
0