500 500
60 100
47.21 152.9
13.47 11.3
399.48 27.38
67.57 218.34
180.92 364.6
335.98 424.45
286.14 483.56
360.54 358.64
442.45 186.96
473.23 388.83
248.77 119.42
234.99 224.64
432.52 65.76
7.6 78.34
488.44 317.84
421.35 419.63
330.16 53.71
319.77 188.9
380.89 440.41
159.84 265.82
153.02 393.53
321.04 125.43
318.37 100.46
329.99 452.04
50.2 41.98
138.68 23.02
26.35 327.36
303.7 419.03
418.77 191.7
201.66 65.05
458.79 491.26
281.58 257.46
259.97 472.32
298.83 186.3
0.51 482.27
497.39 19.27
316.05 137.64
307.01 373.83
330.02 263.46
300.32 467.61
153.77 170.35
411.16 403.54
421.45 41.6
249.86 415.77
485.66 361.13
263.91 475.38
289.13 424.91
483.03 430.55
144.95 43.58
156.68 334.98
203.16 61.88
238.78 300.47
255.26 291.76
399.78 94.72
229.67 380.41
49.25 294.07
261.03 11.86
233.55 91.95
74.2 171.25
232.72 358.91
0