500 500
80 100
222.96 111.35
118.51 492.57
438.3 62
205.66 313.63
126.56 304.73
25.69 413.94
465.33 34.44
317.12 329.69
169.44 326.32
55.74 394.6
430.16 80.15
424.46 352.29
121.55 336.7
31.55 6.04
161.85 27.91
16.59 471.13
127.64 467.69
119.3 128.47
5.57 337.49
50.78 365.33
332.71 72
98.76 128.57
419.97 404.22
319.09 209.22
375.47 386.07
414.13 23.13
244.26 461.48
475.25 451.85
259.68 131.59
171.68 60.46
457.43 418.85
200.68 214.33
238.12 206.01
375.02 275.94
376.89 98.83
113.11 174.11
468.85 237.47
314.13 203.58
368.63 460.06
146.23 430.39
328.65 404.56
149.07 50.08
266.36 19.93
253.99 469.81
393.43 46.2
354.5 263.11
321.77 314.41
418.07 476.45
220.14 212.15
315.92 50.43
133.2 358.06
61.92 355.46
190.28 429.54
493.72 31.44
125.08 192.11
100.02 464.27
299.53 85.65
195.98 327.95
275.17 233.39
475.81 170.69
403.31 452.53
126.14 25.56
412.2 262.18
166.78 481.92
53.15 3.74
496.46 62.6
30.88 11.7
260.33 113.63
183.48 298.64
123.32 227.98
196.69 447.28
328.76 493.37
33.76 334.56
45.37 74.79
237.71 447.91
457.13 317.24
315.53 392.34
330.63 181.19
45.7 228.35
402.24 404.15
0