500 500
80 100
450.3 477.91
70.29 479.5
491.8 284.13
109.6 138.03
3.5 206.37
247.84 312.22
433.77 291.66
238.64 192.5
489.51 308.48
143.52 7.54
415.32 295.97
238.6 289.3
150.87 3.61
434.96 69.89
60.97 329.89
123.09 430.43
9.2 167.99
30.27 285.87
451.17 318.67
435.81 455.75
456.03 336.5
423.65 441.12
126.12 333.82
264.59 399.83
273.69 379
10.83 89.14
430.89 190.38
454.54 22.78
314.8 345.2
249.23 272.38
242.63 194.27
217.55 227.97
193.88 97.3
172.5 221.01
246.22 471.25
460.53 204.51
469.57 474.6
394.14 179.84
48.99 434.33
279.5 257.34
421.05 358.98
360.18 138.62
50.86 71.08
191.92 412.91
147.05 135.71
235.46 366.27
110.72 357.54
304.43 13.32
341.09 168.5
433.46 274.31
175.09 230.49
238.37 136.66
221.41 32.99
424.23 260.05
160.19 174.48
260.21 306.73
219.08 377.86
80.46 304.63
3.27 105.56
189.34 79.74
152.87 407.69
446.23 226.66
424.34 358.01
280.23 221.06
244.34 106.65
438.27 116.58
64.28 206.06
401.52 309.86
451.65 447.24
114.55 102.26
290.28 476.93
459.06 234.5
225.76 453.2
269.97 221.19
84.79 437.1
135.34 166.6
417.26 110.66
243.72 299.63
58.77 258.2
142.39 226.7
0