500 500
80 100
81.01 365.47
393.62 186.01
249.25 148.36
413.72 472.57
395.54 135.5
333.94 291.03
308.37 5.14
6.05 167.92
44.94 385.01
198.57 50.92
396.36 402.84
89.81 12.04
236.56 17.51
187.29 450.26
286.52 254.12
459.21 227.45
337.76 497.67
46.66 86.29
256.98 422.92
22.84 253.77
137.06 450.46
279.87 329.76
268.72 323.07
252.84 396.68
181.88 490.31
335.78 263.15
346.14 474.54
5.06 372.32
225.72 266.6
341.79 163.84
255.64 66.02
336.91 77.35
443.42 336.81
69.85 424.85
203.13 197.74
75.16 39.73
197.28 103.67
450.06 430.64
395.97 103.27
10.28 130.25
262.57 177.65
71.5 30.63
440.29 274.27
219.69 239.9
45.44 151.09
234.42 377.97
169.08 36.85
146.48 253.16
451.55 395.3
243.58 26.12
122.02 253.46
185.84 272.36
188.45 116.97
256.96 300.96
22.69 449.2
155.95 173.03
410.18 35.22
129.43 90.76
223.71 286.19
155.49 195.52
237.07 165.65
315.69 321.81
215.74 435.04
434.48 402.75
308.99 322.6
22.1 12.23
420.85 17.12
30.66 459.39
155.34 76.12
421.75 421.4
116.15 416.46
48.1 312.34
289.9 24.82
372.23 437.83
458.16 385.17
80.25 477.75
63.75 371.03
200.6 472.83
203.86 491.18
404.18 264.57
0